center_x,center_y,center_z,error
-165.002459,-165.003274,nan,nan
-155.002459,-165.003274,nan,nan
-145.002459,-165.003274,nan,nan
-135.002459,-165.003274,nan,nan
-125.00245899999999,-165.003274,-0.6530074154589373,-4.949478796151203
-115.00245899999999,-165.003274,-1.55720344224924,-4.494452847485019
-105.00245899999999,-165.003274,-2.421781856837607,-4.17267684144445
-95.00245899999999,-165.003274,-3.051642441839495,-4.00761691944101
-85.00245899999999,-165.003274,-3.4589145247524753,-3.840852371021548
-75.00245899999999,-165.003274,-3.444027598173516,-3.877108953968541
-65.00245899999999,-165.003274,-3.4581774539711194,-3.7921989476368503
-55.00245899999999,-165.003274,-3.435647543095459,-3.7272570191771788
-45.00245899999999,-165.003274,-3.4586335452847807,-3.619754886050976
-35.00245899999999,-165.003274,-3.4299730623853213,-3.580118872992397
-25.002458999999988,-165.003274,-3.399998642791552,-3.547898762905655
-15.002458999999988,-165.003274,-3.4392538843283584,-3.4562373407816223
-5.0024589999999876,-165.003274,-3.462341935694315,-3.3683292147240667
4.9975410000000124,-165.003274,-3.4674967778801844,-3.3059801591454856
14.997541000000012,-165.003274,-3.4463303627272723,-3.258113952708892
24.997541000000012,-165.003274,-3.4611484219330855,-3.1820048292961216
34.99754100000001,-165.003274,-3.423643297247706,-3.1701750563049855
44.99754100000001,-165.003274,-3.457377629090909,-3.0903986612330963
54.99754100000001,-165.003274,-3.418551503636363,-3.088509242459812
64.99754100000001,-165.003274,-3.488485806603774,-3.009325421633485
74.99754100000001,-165.003274,-3.414280807447775,-3.0687013989330594
84.99754100000001,-165.003274,-3.465176413983441,-3.0085035432765763
94.99754100000001,-165.003274,-3.391620843137255,-3.045444931244306
104.99754100000001,-165.003274,-3.4831774302925993,-2.8038455696987996
114.99754100000001,-165.003274,-2.948455224689165,-2.905336170879652
124.99754100000001,-165.003274,-2.139628552542373,-3.0809319259028825
134.997541,-165.003274,-1.116091166998012,-3.531600886558528
144.997541,-165.003274,-0.23444120512820524,-4.004654449450864
154.997541,-165.003274,nan,nan
164.997541,-165.003274,nan,nan
-165.002459,-155.003274,nan,nan
-155.002459,-155.003274,nan,nan
-145.002459,-155.003274,-0.28001187179487175,-5.305226251302771
-135.002459,-155.003274,-1.377740668292683,-4.774499011491331
-125.00245899999999,-155.003274,-3.1669642538910505,-3.982336569551298
-115.00245899999999,-155.003274,-5.50901389707271,-2.8001381790714532
-105.00245899999999,-155.003274,-7.466730813559322,-2.1219745637284175
-95.00245899999999,-155.003274,-8.99576977305606,-1.7517817121424564
-85.00245899999999,-155.003274,-10.047373188798554,-1.443573550030582
-75.00245899999999,-155.003274,-10.497366327044025,-1.2326280157647402
-65.00245899999999,-155.003274,-10.516890511090573,-1.109490947109067
-55.00245899999999,-155.003274,-10.539114878116342,-0.9275972702046789
-45.00245899999999,-155.003274,-10.490326631132076,-0.8578580355434946
-35.00245899999999,-155.003274,-10.47267162197393,-0.7661343156554111
-25.002458999999988,-155.003274,-10.504954780602636,-0.6474156164962643
-15.002458999999988,-155.003274,-10.499389694775436,-0.5513535509189181
-5.0024589999999876,-155.003274,-10.48084011111111,-0.4867370320265376
4.9975410000000124,-155.003274,-10.493387364990689,-0.3703818713134699
14.997541000000012,-155.003274,-10.496401556179775,-0.2784457031394416
24.997541000000012,-155.003274,-10.487115172701948,-0.21142227088789237
34.99754100000001,-155.003274,-10.512608990485251,-0.12057457223021092
44.99754100000001,-155.003274,-10.454024532015067,-0.12654992114265792
54.99754100000001,-155.003274,-10.52518154442344,-0.028136301134286865
64.99754100000001,-155.003274,-10.517158648523987,-0.06717272418877189
74.99754100000001,-155.003274,-10.509322484674328,-0.16628885521573472
84.99754100000001,-155.003274,-10.50961955965909,-0.30577769123145837
94.99754100000001,-155.003274,-10.518243127012523,-0.3735470801996713
104.99754100000001,-155.003274,-9.898780359318996,-0.5932292139586159
114.99754100000001,-155.003274,-8.632966486806188,-0.8201307414361646
124.99754100000001,-155.003274,-6.752510204139228,-1.1955869214249975
134.997541,-155.003274,-4.35878295210728,-2.1119110667865493
144.997541,-155.003274,-1.8621418932261768,-3.329127083404957
154.997541,-155.003274,-0.5131638142857143,-3.886701744922263
164.997541,-155.003274,nan,nan
-165.002459,-145.003274,nan,nan
-155.002459,-145.003274,-0.2788070681818182,-5.329121694443452
-145.002459,-145.003274,-1.6633534228855722,-4.699969280688883
-135.002459,-145.003274,-4.420195306949807,-3.2304402760471946
-125.00245899999999,-145.003274,-7.4536091057226,-1.8956867855394117
-115.00245899999999,-145.003274,-10.13412112264151,-1.4128457399968288
-105.00245899999999,-145.003274,-12.479092849809886,-1.356098506279656
-95.00245899999999,-145.003274,-14.507245299614643,-1.1777576180391092
-85.00245899999999,-145.003274,-16.020055039325843,-0.8564427246900433
-75.00245899999999,-145.003274,-16.989457644736845,-0.41134847430718396
-65.00245899999999,-145.003274,-17.486445474208146,0.020455630768254254
-55.00245899999999,-145.003274,-17.502116960966543,0.23309552852644663
-45.00245899999999,-145.003274,-17.51592268173258,0.45808286034737855
-35.00245899999999,-145.003274,-17.47637642724745,0.6118173474443691
-25.002458999999988,-145.003274,-17.521643164804466,0.8364570130931207
-15.002458999999988,-145.003274,-17.518219843632956,1.0220968479398473
-5.0024589999999876,-145.003274,-17.48026591081594,1.1819338745525616
4.9975410000000124,-145.003274,-17.51799810521327,1.3752046750906382
14.997541000000012,-145.003274,-17.51353700744186,1.4895521861098957
24.997541000000012,-145.003274,-17.49620658248848,1.5260517281727541
34.99754100000001,-145.003274,-17.51976016889313,1.552393596094035
44.99754100000001,-145.003274,-17.52178208457249,1.5523364627445986
54.99754100000001,-145.003274,-17.456077780442804,1.4721200010776696
64.99754100000001,-145.003274,-17.492546268089054,1.3949305100510416
74.99754100000001,-145.003274,-17.502339378429518,1.1911644743035683
84.99754100000001,-145.003274,-17.518678653465347,0.9346333464604235
94.99754100000001,-145.003274,-16.91429970623917,0.3829743303509568
104.99754100000001,-145.003274,-15.629392863883847,-0.15178294666399844
114.99754100000001,-145.003274,-13.719390007561437,-0.4607409566727709
124.99754100000001,-145.003274,-11.338178356111644,-0.46445254952896275
134.997541,-145.003274,-8.458454969668246,-0.6161074145530089
144.997541,-145.003274,-5.1930963301707775,-1.6261187505776518
154.997541,-145.003274,-1.8318130731428572,-3.3428121283013525
164.997541,-145.003274,-0.22694692500000002,-4.037434254816461
-165.002459,-135.003274,nan,nan
-155.002459,-135.003274,-1.3672085205696203,-4.830749660932451
-145.002459,-135.003274,-4.391804532945737,-3.250633632315228
-135.002459,-135.003274,-8.04880491618497,-1.5992776790119678
-125.00245899999999,-135.003274,-11.434386452266152,-1.1522764914346462
-115.00245899999999,-135.003274,-14.449743795260664,-1.378753185874413
-105.00245899999999,-135.003274,-17.1581112114061,-1.5838205700166326
-95.00245899999999,-135.003274,-19.481299699226305,-1.4842353203650338
-85.00245899999999,-135.003274,-21.47023038697675,-1.0075292542490812
-75.00245899999999,-135.003274,-22.992207490808823,-0.391717512138945
-65.00245899999999,-135.003274,-23.987203351520574,0.17987966701730795
-55.00245899999999,-135.003274,-24.51912084294587,0.6386898037433464
-45.00245899999999,-135.003274,-24.498085590701912,0.8427715594430766
-35.00245899999999,-135.003274,-24.49441720018622,1.1261233015546877
-25.002458999999988,-135.003274,-24.5500258397738,1.5111229766069536
-15.002458999999988,-135.003274,-24.513045184672205,1.8438101259025128
-5.0024589999999876,-135.003274,-24.51895894366197,2.1979371596360493
4.9975410000000124,-135.003274,-24.463490709039547,2.41337709951877
14.997541000000012,-135.003274,-24.513678031894933,2.5794792175830707
24.997541000000012,-135.003274,-24.49269164305685,2.5351740891417474
34.99754100000001,-135.003274,-24.522933080555553,2.4239396044613297
44.99754100000001,-135.003274,-24.49278132116105,2.214554916401262
54.99754100000001,-135.003274,-24.448709013035383,1.9944149929015458
64.99754100000001,-135.003274,-24.52060803551402,1.8202115033543977
74.99754100000001,-135.003274,-24.518621182300887,1.6037026347365997
84.99754100000001,-135.003274,-23.868804558464223,1.025881568635688
94.99754100000001,-135.003274,-22.556339776556776,0.2530824733615502
104.99754100000001,-135.003274,-20.674530052830185,-0.4206064148243725
114.99754100000001,-135.003274,-18.30363979316888,-0.7640062649939326
124.99754100000001,-135.003274,-15.44514478770413,-0.7054168380786319
134.997541,-135.003274,-12.169561019455253,-0.35762255034195367
144.997541,-135.003274,-8.450642884250474,-0.49446606373028107
154.997541,-135.003274,-4.318352203531599,-2.0558417901946164
164.997541,-135.003274,-1.119279231884058,-3.5695194428792854
-165.002459,-125.003274,-0.6514004711538461,-5.092896451356735
-155.002459,-125.003274,-3.1484274882583163,-3.959788598380166
-145.002459,-125.003274,-7.465576539370079,-1.7235363334991174
-135.002459,-125.003274,-11.423328717497556,-1.0202245449493024
-125.00245899999999,-125.003274,-15.07735192673644,-1.3323248536977106
-115.00245899999999,-125.003274,-18.418568032723773,-1.7982996467001584
-105.00245899999999,-125.003274,-21.46409467748092,-1.9727854456126055
-95.00245899999999,-125.003274,-24.122990244976076,-1.8286123116862318
-85.00245899999999,-125.003274,-26.443627367385194,-1.3734037695328012
-75.00245899999999,-125.003274,-28.441483834449762,-0.7048013899206511
-65.00245899999999,-125.003274,-29.964928391713748,-0.07971460828763505
-55.00245899999999,-125.003274,-30.997584626905834,0.4754535155621922
-45.00245899999999,-125.003274,-31.543170063392854,0.9447985491230081
-35.00245899999999,-125.003274,-31.501311839181287,1.2255453630303628
-25.002458999999988,-125.003274,-31.515924612167304,1.7502002538275625
-15.002458999999988,-125.003274,-31.506554584817245,2.312168684482579
-5.0024589999999876,-125.003274,-31.50816240655106,2.864063914509808
4.9975410000000124,-125.003274,-31.496663390130355,3.246659047887987
14.997541000000012,-125.003274,-31.51623686908078,3.387221550979094
24.997541000000012,-125.003274,-31.514404923791822,3.2265924152362055
34.99754100000001,-125.003274,-31.49762607149577,2.870330530845241
44.99754100000001,-125.003274,-31.517869703225806,2.436681369230113
54.99754100000001,-125.003274,-31.545541671846436,2.054244921099276
64.99754100000001,-125.003274,-31.49090929937998,1.754609119475504
74.99754100000001,-125.003274,-30.889097313499118,1.3137041186403193
84.99754100000001,-125.003274,-29.53530413888889,0.5911240934920371
94.99754100000001,-125.003274,-27.61644587274454,-0.1674331290662511
104.99754100000001,-125.003274,-25.238363170684668,-0.763166828063552
114.99754100000001,-125.003274,-22.413273927619045,-1.0678258318265121
124.99754100000001,-125.003274,-19.154663594936707,-0.9721893389304223
134.997541,-125.003274,-15.440923875119159,-0.5305964228207304
144.997541,-125.003274,-11.291667050094519,-0.16652828534623526
154.997541,-125.003274,-6.714686497733454,-0.9420206139109857
164.997541,-125.003274,-2.1243933042998897,-3.1161106518787394
-165.002459,-115.003274,-1.5560087083993661,-4.611747903488107
-155.002459,-115.003274,-5.521651678811121,-2.6110232461762592
-145.002459,-115.003274,-10.137455359773371,-1.055691722076121
-135.002459,-115.003274,-14.417070353506245,-1.0938470645496343
-125.00245899999999,-115.003274,-18.425042493779905,-1.6369921156128442
-115.00245899999999,-115.003274,-22.07979805078125,-2.078509454620876
-105.00245899999999,-115.003274,-25.411072536679534,-2.2409337376981213
-95.00245899999999,-115.003274,-28.429182067763794,-2.107054556182091
-85.00245899999999,-115.003274,-31.100669826086953,-1.7188567193971613
-75.00245899999999,-115.003274,-33.4507011551561,-1.1530319819789183
-65.00245899999999,-115.003274,-35.39769392999054,-0.539434740226846
-55.00245899999999,-115.003274,-36.966683405253285,0.09238706021061541
-45.00245899999999,-115.003274,-37.987885484182776,0.6490895447645484
-35.00245899999999,-115.003274,-38.534029078014186,1.2357995751461477
-25.002458999999988,-115.003274,-38.502225375,1.7706463570766209
-15.002458999999988,-115.003274,-38.5023998235849,2.5580155413220313
-5.0024589999999876,-115.003274,-38.48124796268657,3.2829846272552388
4.9975410000000124,-115.003274,-38.47878019273743,3.781487350557568
14.997541000000012,-115.003274,-38.47177977053825,3.9012848642260263
24.997541000000012,-115.003274,-38.46167307784986,3.5890520641381674
34.99754100000001,-115.003274,-38.51937924186046,3.040019089165123
44.99754100000001,-115.003274,-38.508951906279286,2.3582564657115856
54.99754100000001,-115.003274,-38.53059515600351,1.8969641125433299
64.99754100000001,-115.003274,-37.8476436005291,1.324576929131941
74.99754100000001,-115.003274,-36.53207615906977,0.6964380824327567
84.99754100000001,-115.003274,-34.60496677967711,-0.027030804833611997
94.99754100000001,-115.003274,-32.210443679425836,-0.6667716944923355
104.99754100000001,-115.003274,-29.377901795215312,-1.0981449416678286
114.99754100000001,-115.003274,-26.123769536723163,-1.1899233823285489
124.99754100000001,-115.003274,-22.449408632850243,-0.9640539834281953
134.997541,-115.003274,-18.31770185091965,-0.4602728921451446
144.997541,-115.003274,-13.732268062500001,0.06744037713788717
154.997541,-115.003274,-8.667542470961887,-0.29778336182003307
164.997541,-115.003274,-2.9208948178603005,-2.91061675435155
-165.002459,-105.003274,-2.4388939051254086,-4.220162890525905
-155.002459,-105.003274,-7.4882281822474015,-1.7325103841816731
-145.002459,-105.003274,-12.500218555446516,-0.7720515934241693
-135.002459,-105.003274,-17.148381100585937,-1.1070724632680748
-125.00245899999999,-105.003274,-21.399682771878076,-1.723747907236577
-115.00245899999999,-105.003274,-25.385960477362204,-2.119472833797466
-105.00245899999999,-105.003274,-29.055671480988593,-2.3054297336667084
-95.00245899999999,-105.003274,-32.41346442761266,-2.2540155799972914
-85.00245899999999,-105.003274,-35.46002992151163,-1.9564655223745846
-75.00245899999999,-105.003274,-38.15413524259789,-1.5104343890759726
-65.00245899999999,-105.003274,-40.45641908920187,-0.9963071476225641
-55.00245899999999,-105.003274,-42.38950548341232,-0.4435352010657294
-45.00245899999999,-105.003274,-43.92812156607311,0.19282684799307687
-35.00245899999999,-105.003274,-44.984588467429575,0.8985612593522447
-25.002458999999988,-105.003274,-45.49738740507437,1.708412019785989
-15.002458999999988,-105.003274,-45.5099383660797,2.5730244247340273
-5.0024589999999876,-105.003274,-45.524152286778396,3.511636105377202
4.9975410000000124,-105.003274,-45.53988402411874,4.120672708705084
14.997541000000012,-105.003274,-45.522850386129335,4.206944564814193
24.997541000000012,-105.003274,-45.516102523452155,3.7570818138140583
34.99754100000001,-105.003274,-45.50864135849057,2.9389299474572717
44.99754100000001,-105.003274,-45.50082142063492,2.170294418560284
54.99754100000001,-105.003274,-44.8598824353256,1.4164126668128572
64.99754100000001,-105.003274,-43.49724403348416,0.6575413831810458
74.99754100000001,-105.003274,-41.598732543314505,0.0050318303410498985
84.99754100000001,-105.003274,-39.224761344729345,-0.5619437812595932
94.99754100000001,-105.003274,-36.395453161958564,-1.0176878865276822
104.99754100000001,-105.003274,-33.12003936337209,-1.2517839079007178
114.99754100000001,-105.003274,-29.41999372638754,-1.115827135135672
124.99754100000001,-105.003274,-25.355363219604143,-0.6169874796206825
134.997541,-105.003274,-20.73574927376426,-0.028856703506813557
144.997541,-105.003274,-15.635200411978225,0.4936575786719487
154.997541,-105.003274,-9.944791004336514,0.06605990179164975
164.997541,-105.003274,-3.541578300813008,-2.7138855655120344
-165.002459,-95.003274,-3.061727952166065,-4.030736387736772
-155.002459,-95.003274,-9.013540683440073,-1.2279291331902495
-145.002459,-95.003274,-14.518665893596987,-0.4928161595805534
-135.002459,-95.003274,-19.423582987607247,-0.9598494808018169
-125.00245899999999,-95.003274,-24.074536105212356,-1.4765357190762511
-115.00245899999999,-95.003274,-28.393136131021198,-1.8881424210761426
-105.00245899999999,-95.003274,-32.41150516129032,-2.150545197068392
-95.00245899999999,-95.003274,-36.0457419271137,-2.2557221264482745
-85.00245899999999,-95.003274,-39.44646502394636,-2.072220223286972
-75.00245899999999,-95.003274,-42.43801590549663,-1.8052096795438124
-65.00245899999999,-95.003274,-45.137391908230846,-1.3750286717079805
-55.00245899999999,-95.003274,-47.420096298095245,-0.901436230665225
-45.00245899999999,-95.003274,-49.405193555555556,-0.2914565195092636
-35.00245899999999,-95.003274,-50.94355775559701,0.4119197742174297
-25.002458999999988,-95.003274,-52.01545230749129,1.3302185392324746
-15.002458999999988,-95.003274,-52.52541439614373,2.402169679070901
-5.0024589999999876,-95.003274,-52.53489659833795,3.3662913577663844
4.9975410000000124,-95.003274,-52.54697331696015,4.0493111662369365
14.997541000000012,-95.003274,-52.51558264569843,4.1046037589664515
24.997541000000012,-95.003274,-52.486532282894736,3.503712400831527
34.99754100000001,-95.003274,-52.52274664131374,2.64678966726306
44.99754100000001,-95.003274,-51.85727398315603,1.6206128010658027
54.99754100000001,-95.003274,-50.52740838617512,0.733662307472699
64.99754100000001,-95.003274,-48.61338551022305,0.01689127274306292
74.99754100000001,-95.003274,-46.232932873429945,-0.5582356684521045
84.99754100000001,-95.003274,-43.374112140977445,-0.9797598350974127
94.99754100000001,-95.003274,-40.08867876119403,-1.214255491757331
104.99754100000001,-95.003274,-36.453441729007636,-1.10074897147604
114.99754100000001,-95.003274,-32.32153182612872,-0.7174145154513617
124.99754100000001,-95.003274,-27.757453954333645,-0.023820357014741483
134.997541,-95.003274,-22.64967402559415,0.6951065504776831
144.997541,-95.003274,-16.90158823130435,1.0529268358978092
154.997541,-95.003274,-10.531243597345131,0.2849895005510469
164.997541,-95.003274,-3.5038237384044524,-2.978581324233999
-165.002459,-85.003274,-3.4773091584158413,-3.8985009502976085
-155.002459,-85.003274,-10.015452885361553,-0.9469362291714308
-145.002459,-85.003274,-16.000122315837938,-0.1729055697064493
-135.002459,-85.003274,-21.40132920413923,-0.48086718563702263
-125.00245899999999,-85.003274,-26.397013449427483,-0.9974817757247507
-115.00245899999999,-85.003274,-31.053488545808964,-1.4679058352073573
-105.00245899999999,-85.003274,-35.37564146808511,-1.8383104615756627
-95.00245899999999,-85.003274,-39.38508130400781,-2.0246760364253493
-85.00245899999999,-85.003274,-43.0807574407767,-2.029906315599386
-75.00245899999999,-85.003274,-46.40134314300202,-1.9031477956694036
-65.00245899999999,-85.003274,-49.4524882177264,-1.5635438759951716
-55.00245899999999,-85.003274,-52.14620426532567,-1.149381034341308
-45.00245899999999,-85.003274,-54.45273914962121,-0.712217412346226
-35.00245899999999,-85.003274,-56.42261076716141,-0.11673467962439306
-25.002458999999988,-85.003274,-57.98341926262627,0.6560244717980578
-15.002458999999988,-85.003274,-59.041145349387044,1.6152935876089964
-5.0024589999999876,-85.003274,-59.598472820534944,2.6319507118991963
4.9975410000000124,-85.003274,-59.63778310382979,3.2048025386266503
14.997541000000012,-85.003274,-59.63878688917749,3.2686942320233188
24.997541000000012,-85.003274,-59.57072249786507,2.6960003943686983
34.99754100000001,-85.003274,-58.883806402070746,1.7322254694470818
44.99754100000001,-85.003274,-57.54297269316082,0.7775960587489048
54.99754100000001,-85.003274,-55.67203697846442,0.06848888227026248
64.99754100000001,-85.003274,-53.2617094573055,-0.5068453793688595
74.99754100000001,-85.003274,-50.43102451809524,-0.8869956052472941
84.99754100000001,-85.003274,-47.16039181913876,-1.0860968282437415
94.99754100000001,-85.003274,-43.473405250240624,-1.0579756983050705
104.99754100000001,-85.003274,-39.3259320018797,-0.7143329094862114
114.99754100000001,-85.003274,-34.78252913140727,-0.073742530576039
124.99754100000001,-85.003274,-29.62249259746147,0.6958173371472705
134.997541,-85.003274,-23.912075168411867,1.4173770426611971
144.997541,-85.003274,-17.51769893357271,1.5700871059100234
154.997541,-85.003274,-10.507275551724138,0.2597361809054018
164.997541,-85.003274,-3.513001339676499,-3.0545326797191525
-165.002459,-75.003274,-3.4322246560509555,-4.056016023150907
-155.002459,-75.003274,-10.504838424486149,-0.7577392799364764
-145.002459,-75.003274,-17.013023044144145,0.2189725615053258
-135.002459,-75.003274,-22.94508324726277,0.09452495650045467
-125.00245899999999,-75.003274,-28.36838987030075,-0.3768606979369935
-115.00245899999999,-75.003274,-33.34316413467049,-0.9393927685911856
-105.00245899999999,-75.003274,-38.04858731537708,-1.3555656818514639
-95.00245899999999,-75.003274,-42.418485150193796,-1.635307699741844
-85.00245899999999,-75.003274,-46.40659597607655,-1.799252016589333
-75.00245899999999,-75.003274,-50.09330427603143,-1.73022600110129
-65.00245899999999,-75.003274,-53.41565287811901,-1.5248202805808548
-55.00245899999999,-75.003274,-56.44554710865384,-1.1912233605656286
-45.00245899999999,-75.003274,-59.14770908733205,-0.8152366822931083
-35.00245899999999,-75.003274,-61.54414461449016,-0.38700818086935956
-25.002458999999988,-75.003274,-63.216853337127844,-0.12533105266640787
-15.002458999999988,-75.003274,-64.14310878264605,0.11346476491857749
-5.0024589999999876,-75.003274,-64.52966383290489,0.40343130053065107
4.9975410000000124,-75.003274,-64.60790232667246,0.6518704241106392
14.997541000000012,-75.003274,-64.58962005212858,0.6827746396287389
24.997541000000012,-75.003274,-64.51301228658538,0.5036639564357372
34.99754100000001,-75.003274,-63.9474739923339,0.2575939984255285
44.99754100000001,-75.003274,-62.656703510711225,0.05107985143669903
54.99754100000001,-75.003274,-60.3512462805219,-0.33979762419603826
64.99754100000001,-75.003274,-57.43317007061069,-0.727451331067123
74.99754100000001,-75.003274,-54.159782998067634,-0.9364394203787596
84.99754100000001,-75.003274,-50.433987427889214,-0.9739976686433747
94.99754100000001,-75.003274,-46.33390818773585,-0.6839770439623866
104.99754100000001,-75.003274,-41.731952731524785,-0.17098557015495947
114.99754100000001,-75.003274,-36.66354042974453,0.6153634057999272
124.99754100000001,-75.003274,-30.941833632224164,1.4229466379130224
134.997541,-75.003274,-24.503791014886165,1.9538265499571617
144.997541,-75.003274,-17.538019559259258,1.8196268990835303
154.997541,-75.003274,-10.516766185958254,0.36967151266318093
164.997541,-75.003274,-3.517034678236398,-3.0568646029958972
-165.002459,-65.003274,-3.4400211913123844,-4.059897620957497
-155.002459,-65.003274,-10.498965683823528,-0.8102979481513236
-145.002459,-65.003274,-17.539478805429866,0.5468901451833281
-135.002459,-65.003274,-24.00276185368043,0.6294321288702561
-125.00245899999999,-65.003274,-29.84589558203483,0.1809137670558019
-115.00245899999999,-65.003274,-35.333541635514024,-0.29687281472232097
-105.00245899999999,-65.003274,-40.335127731589154,-0.824160218055808
-95.00245899999999,-65.003274,-45.06044185203095,-1.200511626138122
-85.00245899999999,-65.003274,-49.38736751184834,-1.4168851697643585
-75.00245899999999,-65.003274,-53.40288940019102,-1.4014118406104399
-65.00245899999999,-65.003274,-57.09375047178988,-1.2075101957192667
-55.00245899999999,-65.003274,-60.48151398166023,-0.9019819587497884
-45.00245899999999,-65.003274,-63.30218361823105,-0.7449779402504829
-35.00245899999999,-65.003274,-64.96377146624663,-1.0857922819403376
-25.002458999999988,-65.003274,-65.78003434349593,-1.4460790475181962
-15.002458999999988,-65.003274,-66.21332621775899,-1.5771384568366018
-5.0024589999999876,-65.003274,-66.43221532745314,-1.5495911657455173
4.9975410000000124,-65.003274,-66.48300641501103,-1.5182990260647333
14.997541000000012,-65.003274,-66.4778308373102,-1.4500200895733415
24.997541000000012,-65.003274,-66.35469249124726,-1.4137797426330836
34.99754100000001,-65.003274,-66.01634659384942,-1.3504654294539504
44.99754100000001,-65.003274,-65.39343388867562,-1.069745582703905
54.99754100000001,-65.003274,-64.03284342608696,-0.6250083317605301
64.99754100000001,-65.003274,-61.223763466172386,-0.5657854230051298
74.99754100000001,-65.003274,-57.49474174346564,-0.6422878045540855
84.99754100000001,-65.003274,-53.324338614271944,-0.520817684889795
94.99754100000001,-65.003274,-48.746496616822434,-0.13248408710415938
104.99754100000001,-65.003274,-43.63941673448905,0.46181194157904343
114.99754100000001,-65.003274,-37.93467875840708,1.2287063461955718
124.99754100000001,-65.003274,-31.514622768356645,1.8824131431926663
134.997541,-65.003274,-24.46913183933518,2.1736522366584574
144.997541,-65.003274,-17.525660096065874,2.0333607195260543
154.997541,-65.003274,-10.512314976591762,0.4286963001680806
164.997541,-65.003274,-3.524749563207547,-3.0009151491774215
-165.002459,-55.003274000000005,-3.412965245762712,-4.073646833472179
-155.002459,-55.003274000000005,-10.485763384542885,-0.7947250208725978
-145.002459,-55.003274000000005,-17.52489224118738,0.6079636324299633
-135.002459,-55.003274000000005,-24.493110396428573,0.97932800535477
-125.00245899999999,-55.003274000000005,-30.97988059982487,0.7831652642332118
-115.00245899999999,-55.003274000000005,-36.84972600641613,0.2848083140356588
-105.00245899999999,-55.003274000000005,-42.30936633238637,-0.24373316276413923
-95.00245899999999,-55.003274000000005,-47.36107799906455,-0.7094606457860393
-85.00245899999999,-55.003274000000005,-52.068610424926405,-0.9612208416064478
-75.00245899999999,-55.003274000000005,-56.431509350775194,-0.9735959639165392
-65.00245899999999,-55.003274000000005,-60.48806502111324,-0.7854851220489775
-55.00245899999999,-55.003274000000005,-63.79136346453287,-0.7872890780858329
-45.00245899999999,-55.003274000000005,-65.51569711730205,-1.4048125503771265
-35.00245899999999,-55.003274000000005,-66.3601021772429,-1.7373883240406742
-25.002458999999988,-55.003274000000005,-66.90644177287761,-1.6665425600726749
-15.002458999999988,-55.003274000000005,-67.27998261080485,-1.4856435658448819
-5.0024589999999876,-55.003274000000005,-67.4834822505618,-1.3345177150495338
4.9975410000000124,-55.003274000000005,-67.52076136210762,-1.2992508261799693
14.997541000000012,-55.003274000000005,-67.49926840879121,-1.2466801609797915
24.997541000000012,-55.003274000000005,-67.33527480915178,-1.2460001915372951
34.99754100000001,-55.003274000000005,-66.98488961979751,-1.3509907851526128
44.99754100000001,-55.003274000000005,-66.45018040954496,-1.471385776713828
54.99754100000001,-55.003274000000005,-65.68149796704428,-1.2734796783311717
64.99754100000001,-55.003274000000005,-64.0240425738137,-0.5253611821485812
74.99754100000001,-55.003274000000005,-60.34259762065728,-0.25054388977115716
84.99754100000001,-55.003274000000005,-55.75465772889306,0.029624184683743598
94.99754100000001,-55.003274000000005,-50.652964475930965,0.4615794972590803
104.99754100000001,-55.003274000000005,-44.93096713309983,1.0050025000384861
114.99754100000001,-55.003274000000005,-38.47728166431096,1.5602141428111622
124.99754100000001,-55.003274000000005,-31.48498776657329,2.037546604149946
134.997541,-55.003274000000005,-24.386528986952474,2.3086756056742317
144.997541,-55.003274000000005,-17.45727614218896,2.1045980136724074
154.997541,-55.003274000000005,-10.484504056325024,0.4927247813320129
164.997541,-55.003274000000005,-3.4769822207547167,-2.982076868882496
-165.002459,-45.003274000000005,-3.4561056296641794,-3.982156843302266
-155.002459,-45.003274000000005,-10.490979173148148,-0.7552107628545545
-145.002459,-45.003274000000005,-17.48736934141791,0.6888044460120567
-135.002459,-45.003274000000005,-24.455441443085608,1.083611556826852
-125.00245899999999,-45.003274000000005,-31.510840481970096,1.2100718446278396
-115.00245899999999,-45.003274000000005,-37.95419554804271,0.8640145096240214
-105.00245899999999,-45.003274000000005,-43.82374846468401,0.3092129752657156
-95.00245899999999,-45.003274000000005,-49.315372028382214,-0.18326645624514448
-85.00245899999999,-45.003274000000005,-54.404267961795604,-0.4900834012479794
-75.00245899999999,-45.003274000000005,-59.14239669656488,-0.5547025419483271
-65.00245899999999,-45.003274000000005,-63.34201522473868,-0.532208724752127
-55.00245899999999,-45.003274000000005,-65.51976195570867,-1.3374147643589471
-45.00245899999999,-45.003274000000005,-66.53706030391061,-1.7031444088106378
-35.00245899999999,-45.003274000000005,-67.2479067003367,-1.4664120915007484
-25.002458999999988,-45.003274000000005,-67.78403345973155,-1.0812995922758188
-15.002458999999988,-45.003274000000005,-68.13948429945356,-0.7907288999515241
-5.0024589999999876,-45.003274000000005,-68.32954926500565,-0.6318481712936745
4.9975410000000124,-45.003274000000005,-68.36919070391062,-0.5920486299787481
14.997541000000012,-45.003274000000005,-68.33339380973452,-0.5615551879673637
24.997541000000012,-45.003274000000005,-68.1340167118451,-0.5875155398167048
34.99754100000001,-45.003274000000005,-67.74358329310346,-0.7469458475210473
44.99754100000001,-45.003274000000005,-67.18196726130098,-1.0675156335096203
54.99754100000001,-45.003274000000005,-66.45001836026935,-1.3187597114370129
64.99754100000001,-45.003274000000005,-65.38813121203438,-0.8663145580885296
74.99754100000001,-45.003274000000005,-62.66260640557006,0.1405987737111513
84.99754100000001,-45.003274000000005,-57.62266179067642,0.49334069767003413
94.99754100000001,-45.003274000000005,-51.92897881578947,0.9066165419821813
104.99754100000001,-45.003274000000005,-45.52426594965277,1.2903414595040905
114.99754100000001,-45.003274000000005,-38.418761179487184,1.5861207726180682
124.99754100000001,-45.003274000000005,-31.327411179702047,2.0062906624494117
134.997541,-45.003274000000005,-24.317629366482503,2.3045116768430756
144.997541,-45.003274000000005,-17.389468266294227,2.116251879154177
154.997541,-45.003274000000005,-10.496483527153558,0.5967938725487432
164.997541,-45.003274000000005,-3.4882578890977443,-2.894072111040701
-165.002459,-35.003274000000005,-3.453027852125693,-3.929949215735626
-155.002459,-35.003274000000005,-10.517938514445481,-0.6818522004479269
-145.002459,-35.003274000000005,-17.497296635944704,0.8161789241109367
-135.002459,-35.003274000000005,-24.523025091497228,1.3752747203626214
-125.00245899999999,-35.003274000000005,-31.502009037348273,1.462008763831859
-115.00245899999999,-35.003274000000005,-38.5047003028169,1.3992078434359505
-105.00245899999999,-35.003274000000005,-44.88235392287233,0.925459983659169
-95.00245899999999,-35.003274000000005,-50.893592226804124,0.45947881586673794
-85.00245899999999,-35.003274000000005,-56.38605423330198,0.02178932837459623
-75.00245899999999,-35.003274000000005,-61.535878107468136,-0.1534937643281404
-65.00245899999999,-35.003274000000005,-64.95050081514879,-0.8796428328389264
-55.00245899999999,-35.003274000000005,-66.350081518847,-1.5985567481119052
-45.00245899999999,-35.003274000000005,-67.24331747714604,-1.364351158457187
-35.00245899999999,-35.003274000000005,-67.95895026779661,-0.8287380955106799
-25.002458999999988,-35.003274000000005,-68.48428149550563,-0.41911496203309817
-15.002458999999988,-35.003274000000005,-68.82887631348315,-0.17990347666430323
-5.0024589999999876,-35.003274000000005,-69.01061653984289,-0.06552174205717076
4.9975410000000124,-35.003274000000005,-69.04447023085585,-0.03623696262572428
14.997541000000012,-35.003274000000005,-68.97640094730941,0.0017691731310665332
24.997541000000012,-35.003274000000005,-68.73401498557159,-0.01681399761262087
34.99754100000001,-35.003274000000005,-68.32109795690609,-0.15951997002861792
44.99754100000001,-35.003274000000005,-67.72565558287596,-0.5021907626046689
54.99754100000001,-35.003274000000005,-66.9712532374582,-0.9762598697230997
64.99754100000001,-35.003274000000005,-66.00011208071278,-0.9959099598932978
74.99754100000001,-35.003274000000005,-63.956593853801174,0.18618968396057362
84.99754100000001,-35.003274000000005,-58.92697532778265,0.8527317997161606
94.99754100000001,-35.003274000000005,-52.4355062744925,1.046810703958788
104.99754100000001,-35.003274000000005,-45.37848769161407,1.1563107644390893
114.99754100000001,-35.003274000000005,-38.18697787740165,1.4049003671979543
124.99754100000001,-35.003274000000005,-31.06434679664179,1.7287861789890964
134.997541,-35.003274000000005,-24.171951715877437,2.1251132690179424
144.997541,-35.003274000000005,-17.303860125335724,2.079270959347703
154.997541,-35.003274000000005,-10.416439412408758,0.6391174236145893
164.997541,-35.003274000000005,-3.4767951446009393,-2.8022492018907967
-165.002459,-25.003274000000005,-3.4386253308550185,-3.886846992015539
-155.002459,-25.003274000000005,-10.483997716117218,-0.6593840132868929
-145.002459,-25.003274000000005,-17.507556212093025,0.9625293682254588
-135.002459,-25.003274000000005,-24.52342350744879,1.6541644833986484
-125.00245899999999,-25.003274000000005,-31.475448826654247,1.8559702336353228
-115.00245899999999,-25.003274000000005,-38.55445787663552,1.9054911545593405
-105.00245899999999,-25.003274000000005,-45.514179231040565,1.7182720032422472
-95.00245899999999,-25.003274000000005,-51.99926420575022,1.2502309785210322
-85.00245899999999,-25.003274000000005,-57.974300836065574,0.6336263825035096
-75.00245899999999,-25.003274000000005,-63.200500324675325,0.03793787675299901
-65.00245899999999,-25.003274000000005,-65.76819839148074,-1.204674907514192
-55.00245899999999,-25.003274000000005,-66.89443899888889,-1.438459096462799
-45.00245899999999,-25.003274000000005,-67.76509769757175,-0.8651547509251692
-35.00245899999999,-25.003274000000005,-68.47155829540482,-0.2967888481280893
-25.002458999999988,-25.003274000000005,-69.00088291231964,0.04317780609292161
-15.002458999999988,-25.003274000000005,-69.3378851839465,0.22340121441977506
-5.0024589999999876,-25.003274000000005,-69.51091951473923,0.3116284062071297
4.9975410000000124,-25.003274000000005,-69.52979347012402,0.3496580689968613
14.997541000000012,-25.003274000000005,-69.43242888815061,0.39432555936782065
24.997541000000012,-25.003274000000005,-69.16370868876405,0.3923195338695199
34.99754100000001,-25.003274000000005,-68.71436567594655,0.2751610828476281
44.99754100000001,-25.003274000000005,-68.09567250057536,-0.02810538667326924
54.99754100000001,-25.003274000000005,-67.299431189099,-0.6005589761447352
64.99754100000001,-25.003274000000005,-66.32061821583514,-0.8741041693660131
74.99754100000001,-25.003274000000005,-64.50149831642304,0.20944122383910768
84.99754100000001,-25.003274000000005,-59.49167039700997,1.0530998338063315
94.99754100000001,-25.003274000000005,-52.30060540246046,0.9683905965833466
104.99754100000001,-25.003274000000005,-45.00551052083333,0.8997891219459403
114.99754100000001,-25.003274000000005,-37.84240844361603,1.0647215082618373
124.99754100000001,-25.003274000000005,-30.821369763110305,1.4384713432142873
134.997541,-25.003274000000005,-23.915196014375564,1.889491008623976
144.997541,-25.003274000000005,-16.942311604484303,1.8999959025432327
154.997541,-25.003274000000005,-10.092964005560704,0.5066621389340746
164.997541,-25.003274000000005,-3.4009726287313438,-2.727536177790103
-165.002459,-15.003274000000005,-3.4707718759328356,-3.81064309506112
-155.002459,-15.003274000000005,-10.490952329588016,-0.5988287903505206
-145.002459,-15.003274000000005,-17.509947563273073,1.1124691091894219
-135.002459,-15.003274000000005,-24.494832703531596,1.9057939462476143
-125.00245899999999,-15.003274000000005,-31.50332904700461,2.322250752580009
-115.00245899999999,-15.003274000000005,-38.511259154571164,2.480222589479326
-105.00245899999999,-15.003274000000005,-45.53603674629629,2.389340969435722
-95.00245899999999,-15.003274000000005,-52.48171080054397,2.0255130337558835
-85.00245899999999,-15.003274000000005,-59.061693887040285,1.3002844024870248
-75.00245899999999,-15.003274000000005,-64.13894863907849,0.16658324023119636
-65.00245899999999,-15.003274000000005,-66.18723172198276,-1.3052321568441176
-55.00245899999999,-15.003274000000005,-67.2538365,-1.1827663887866624
-45.00245899999999,-15.003274000000005,-68.10879952544248,-0.5051877482464703
-35.00245899999999,-15.003274000000005,-68.80102533804347,-0.006708219765226427
-25.002458999999988,-15.003274000000005,-69.32293057126437,0.27574086546474047
-15.002458999999988,-15.003274000000005,-69.66983901454138,0.44611701799975073
-5.0024589999999876,-15.003274000000005,-69.82949052508361,0.5306619626395412
4.9975410000000124,-15.003274000000005,-69.83704520310766,0.5736115196649981
14.997541000000012,-15.003274000000005,-69.71076745414365,0.6198742179299428
24.997541000000012,-15.003274000000005,-69.40318717832957,0.6144324684204375
34.99754100000001,-15.003274000000005,-68.92134838864142,0.513141133036211
44.99754100000001,-15.003274000000005,-68.27096728048781,0.21536381906304713
54.99754100000001,-15.003274000000005,-67.44303344201313,-0.39532924957042176
64.99754100000001,-15.003274000000005,-66.43334840884573,-0.7213525497810909
74.99754100000001,-15.003274000000005,-64.49801455660376,0.3275093132488186
84.99754100000001,-15.003274000000005,-59.212014733660126,1.0625705829189331
94.99754100000001,-15.003274000000005,-51.71886694839858,0.7850428006946903
104.99754100000001,-15.003274000000005,-44.412160538185084,0.5794943076301134
114.99754100000001,-15.003274000000005,-37.328405235831816,0.7489858148815305
124.99754100000001,-15.003274000000005,-30.290934691622102,1.1364180933720316
134.997541,-15.003274000000005,-23.207310962093864,1.5408694926993676
144.997541,-15.003274000000005,-16.222794965641953,1.5956168487744269
154.997541,-15.003274000000005,-9.636366401843318,0.3246538011571823
164.997541,-15.003274000000005,-3.248334913533834,-2.6949900318257143
-165.002459,-5.003274000000005,-3.4855468675925927,-3.77375564640883
-155.002459,-5.003274000000005,-10.503310603130757,-0.558949014691729
-145.002459,-5.003274000000005,-17.472997739829708,1.1701968144702366
-135.002459,-5.003274000000005,-24.488441784916198,2.1016270231451437
-125.00245899999999,-5.003274000000005,-31.508595201492536,2.672311679126649
-115.00245899999999,-5.003274000000005,-38.5186783635514,2.974015112002961
-105.00245899999999,-5.003274000000005,-45.47705419348837,2.975470652890799
-95.00245899999999,-5.003274000000005,-52.503065122525925,2.6523432998373213
-85.00245899999999,-5.003274000000005,-59.55463344645941,1.8846928513843395
-75.00245899999999,-5.003274000000005,-64.55765645891609,0.34142857365638707
-65.00245899999999,-5.003274000000005,-66.39901068284789,-1.2900445978987813
-55.00245899999999,-5.003274000000005,-67.43542530232558,-1.0307003840775564
-45.00245899999999,-5.003274000000005,-68.28442093333332,-0.375547020172546
-35.00245899999999,-5.003274000000005,-68.96079204124861,0.042900152338784026
-25.002458999999988,-5.003274000000005,-69.4689235249433,0.2887475764816359
-15.002458999999988,-5.003274000000005,-69.80540894783573,0.4473816074014394
-5.0024589999999876,-5.003274000000005,-69.9680803877095,0.5351807380291368
4.9975410000000124,-5.003274000000005,-69.96318077025528,0.5825076082590647
14.997541000000012,-5.003274000000005,-69.79840165324386,0.6177872674180137
24.997541000000012,-5.003274000000005,-69.45530543986638,0.6138327614840327
34.99754100000001,-5.003274000000005,-68.94526925171624,0.517284292410142
44.99754100000001,-5.003274000000005,-68.26007801475596,0.20615762806531204
54.99754100000001,-5.003274000000005,-67.40824156291391,-0.40511837304923604
64.99754100000001,-5.003274000000005,-66.34504551132686,-0.6260805971355206
74.99754100000001,-5.003274000000005,-64.0854204083904,0.5516965848098794
84.99754100000001,-5.003274000000005,-58.44109923255814,1.1027135644584107
94.99754100000001,-5.003274000000005,-50.882444302366345,0.6525656489088686
104.99754100000001,-5.003274000000005,-43.584742796444445,0.4010510354049974
114.99754100000001,-5.003274000000005,-36.36089634,0.4535856669509518
124.99754100000001,-5.003274000000005,-29.238276949910556,0.7825293664870218
134.997541,-5.003274000000005,-22.154242965209637,1.2091255034174497
144.997541,-5.003274000000005,-15.214195816308242,1.2088014899505797
154.997541,-5.003274000000005,-9.117902895676691,0.1376886153799612
164.997541,-5.003274000000005,-3.076996413407821,-2.6382110215394055
-165.002459,4.996725999999995,-3.4114430064754853,-3.8007429943946263
-155.002459,4.996725999999995,-10.459432676082862,-0.5211747670691661
-145.002459,4.996725999999995,-17.50073950561798,1.2871023634796033
-135.002459,4.996725999999995,-24.536425079816514,2.3129696944345755
-125.00245899999999,4.996725999999995,-31.495906303821062,2.893237214430036
-115.00245899999999,4.996725999999995,-38.4994045894834,3.2485708855631796
-105.00245899999999,4.996725999999995,-45.53276478236398,3.359794137418619
-95.00245899999999,4.996725999999995,-52.53001323696682,3.0510883182274102
-85.00245899999999,4.996725999999995,-59.61164910923624,2.186663996361284
-75.00245899999999,4.996725999999995,-64.59656664222615,0.4295580753390132
-65.00245899999999,4.996725999999995,-66.44242147712419,-1.2446815010540548
-55.00245899999999,4.996725999999995,-67.46317770522803,-1.0023493982298537
-45.00245899999999,4.996725999999995,-68.29594463483146,-0.41652367718873395
-35.00245899999999,4.996725999999995,-68.95758731632654,-0.05807684732483894
-25.002458999999988,4.996725999999995,-69.4528342719101,0.14737270169346575
-15.002458999999988,4.996725999999995,-69.77591753483145,0.27947074873536104
-5.0024589999999876,4.996725999999995,-69.92672256369787,0.3577780036390967
4.9975410000000124,4.996725999999995,-69.90097812931995,0.3847644227420208
14.997541000000012,4.996725999999995,-69.70640821606335,0.4124922222365019
24.997541000000012,4.996725999999995,-69.34264974943311,0.41318677923229286
34.99754100000001,4.996725999999995,-68.80676841498881,0.317586663546869
44.99754100000001,4.996725999999995,-68.09656749331849,0.0015301801757384727
54.99754100000001,4.996725999999995,-67.21130062971176,-0.5491794308653194
64.99754100000001,4.996725999999995,-66.06936638934427,-0.41688747134850396
74.99754100000001,4.996725999999995,-63.24480489417555,0.8238426928033363
84.99754100000001,4.996725999999995,-56.99080975536481,0.9761989138278581
94.99754100000001,4.996725999999995,-49.440561409965035,0.4358186816662052
104.99754100000001,4.996725999999995,-42.142473866314866,0.2029514741898809
114.99754100000001,4.996725999999995,-34.92231970789473,0.2569511692178741
124.99754100000001,4.996725999999995,-27.761372129710782,0.543700923378408
134.997541,4.996725999999995,-20.52288279772329,0.7561426448778791
144.997541,4.996725999999995,-14.071849929266136,0.8659356370040069
154.997541,4.996725999999995,-8.514311746452224,-0.027473489023694418
164.997541,4.996725999999995,-2.869530223851417,-2.600649368369652
-165.002459,14.996725999999995,-3.460554748398902,-3.6961445446594983
-155.002459,14.996725999999995,-10.482133012416428,-0.4469085899534587
-145.002459,14.996725999999995,-17.521792174710423,1.359233716503233
-135.002459,14.996725999999995,-24.47326192394366,2.2774544707827995
-125.00245899999999,14.996725999999995,-31.511946469043153,2.8736105883659873
-115.00245899999999,14.996725999999995,-38.497436837662335,3.175262715418802
-105.00245899999999,14.996725999999995,-45.50785625698324,3.2270610944910834
-95.00245899999999,14.996725999999995,-52.52074366604651,2.9085430288189915
-85.00245899999999,14.996725999999995,-59.53945071958586,2.1355666974113583
-75.00245899999999,14.996725999999995,-64.51824030035027,0.4838674986607976
-65.00245899999999,14.996725999999995,-66.35089103325942,-1.1862827981153266
-55.00245899999999,14.996725999999995,-67.35363945200893,-1.0347244552844879
-45.00245899999999,14.996725999999995,-68.16770197714908,-0.5034510040731529
-35.00245899999999,14.996725999999995,-68.81169402892102,-0.17052299522811576
-25.002458999999988,14.996725999999995,-69.283929865991,0.003495482026458831
-15.002458999999988,14.996725999999995,-69.58821069152543,0.08822936542714008
-5.0024589999999876,14.996725999999995,-69.73293906830907,0.16062038396624986
4.9975410000000124,14.996725999999995,-69.68201840066965,0.17816891156050488
14.997541000000012,14.996725999999995,-69.4515840575374,0.1634480886235135
24.997541000000012,14.996725999999995,-69.06264845046083,0.14364210449253606
34.99754100000001,14.996725999999995,-68.50058277777778,0.0190688930348271
44.99754100000001,14.996725999999995,-67.77009819101123,-0.33822592443557625
54.99754100000001,14.996725999999995,-66.86622950285715,-0.6645432180846771
64.99754100000001,14.996725999999995,-65.49556072470374,0.028466669277031842
74.99754100000001,14.996725999999995,-61.727821179693805,1.121724937463679
84.99754100000001,14.996725999999995,-54.78367513385147,0.7946528429781629
94.99754100000001,14.996725999999995,-47.419349703442194,0.28364235777469726
104.99754100000001,14.996725999999995,-40.18392499028269,0.0968085895616476
114.99754100000001,14.996725999999995,-32.93838874224978,0.08876815749993705
124.99754100000001,14.996725999999995,-25.80321362879445,0.30228711938172725
134.997541,14.996725999999995,-18.70440748508099,0.38742809395667993
144.997541,14.996725999999995,-12.889626115779645,0.6122943696189364
154.997541,14.996725999999995,-7.891746440499039,-0.18774187843592946
164.997541,14.996725999999995,-2.708644787878788,-2.526753172175939
-165.002459,24.996725999999995,-3.4691854471544716,-3.6300513907977123
-155.002459,24.996725999999995,-10.509006049074074,-0.36604714252279835
-145.002459,24.996725999999995,-17.469828676635515,1.297180620297037
-135.002459,24.996725999999995,-24.476603356746764,2.1570393397061522
-125.00245899999999,24.996725999999995,-31.498818529139683,2.618508283047151
-115.00245899999999,24.996725999999995,-38.51436360982391,2.801048650266236
-105.00245899999999,24.996725999999995,-45.52918700851466,2.7372263786487796
-95.00245899999999,24.996725999999995,-52.48000576544315,2.490205594440458
-85.00245899999999,24.996725999999995,-58.92754169020301,1.7604185416008917
-75.00245899999999,24.996725999999995,-64.02512410128756,0.5446457701296074
-65.00245899999999,24.996725999999995,-66.08442148447205,-1.0992404805355303
-55.00245899999999,24.996725999999995,-67.07312043263964,-1.1614658925382266
-45.00245899999999,24.996725999999995,-67.86885288389924,-0.6683469230271939
-35.00245899999999,24.996725999999995,-68.49837939756367,-0.3388588437440229
-25.002458999999988,24.996725999999995,-68.95173847104678,-0.1689602999765323
-15.002458999999988,24.996725999999995,-69.25322621934758,-0.0793159203172899
-5.0024589999999876,24.996725999999995,-69.38065595038589,-0.045620140176088314
4.9975410000000124,24.996725999999995,-69.30916580920315,-0.041484363134803824
14.997541000000012,24.996725999999995,-69.04876732290504,-0.07381641139846104
24.997541000000012,24.996725999999995,-68.62473171803653,-0.15225869359598254
34.99754100000001,24.996725999999995,-68.04753412680756,-0.33467718735602187
44.99754100000001,24.996725999999995,-67.29765022757111,-0.6468300625402904
54.99754100000001,24.996725999999995,-66.3136800406504,-0.5385641900871107
64.99754100000001,24.996725999999995,-64.2966724252174,0.7468227726466234
74.99754100000001,24.996725999999995,-59.30876722665602,1.3596089928522026
84.99754100000001,24.996725999999995,-52.05261160225304,0.7225101159706182
94.99754100000001,24.996725999999995,-44.827545383015604,0.2533628563929915
104.99754100000001,24.996725999999995,-37.61046674999999,0.006616228659657605
114.99754100000001,24.996725999999995,-30.469523904973357,-0.0317129665385747
124.99754100000001,24.996725999999995,-23.284477255430062,-0.08184223666608757
134.997541,24.996725999999995,-16.755461043327557,0.03604195309066087
144.997541,24.996725999999995,-11.766443728927202,0.4607237316389724
154.997541,24.996725999999995,-7.290108798219585,-0.3189815929626562
164.997541,24.996725999999995,-2.525260049164208,-2.494056470319705
-165.002459,34.996725999999995,-3.448242047229791,-3.586620635895151
-155.002459,34.996725999999995,-10.554571380018675,-0.2690960889564031
-145.002459,34.996725999999995,-17.503928780758557,1.315050961979436
-135.002459,34.996725999999995,-24.491607658192095,2.023931690758827
-125.00245899999999,34.996725999999995,-31.494041169172935,2.3076331372671137
-115.00245899999999,34.996725999999995,-38.49745227410208,2.3319876112230027
-105.00245899999999,34.996725999999995,-45.51398260053144,2.2922970765931057
-95.00245899999999,34.996725999999995,-51.868781342526695,1.8751859507212745
-85.00245899999999,34.996725999999995,-57.74969116313363,1.278421608600392
-75.00245899999999,34.996725999999995,-62.94376491716998,0.6094478627089128
-65.00245899999999,34.996725999999995,-65.57591970820971,-0.7969085264398537
-55.00245899999999,34.996725999999995,-66.63143329300777,-1.2675278507906402
-45.00245899999999,34.996725999999995,-67.41607278142695,-0.9259094279314162
-35.00245899999999,34.996725999999995,-68.0262085504386,-0.5713166895744921
-25.002458999999988,34.996725999999995,-68.46978308508287,-0.378349194413561
-15.002458999999988,34.996725999999995,-68.76107112374582,-0.2595707612362724
-5.0024589999999876,34.996725999999995,-68.87652931514477,-0.23216465097549588
4.9975410000000124,34.996725999999995,-68.76987783089064,-0.2650175142180832
14.997541000000012,34.996725999999995,-68.48499550332595,-0.30913505687046505
24.997541000000012,34.996725999999995,-68.03566141268075,-0.45254145479079505
34.99754100000001,34.996725999999995,-67.4256946722973,-0.6753370647458328
44.99754100000001,34.996725999999995,-66.63626770261439,-0.6794562507365425
54.99754100000001,34.996725999999995,-65.3363269561325,0.25715075438559654
64.99754100000001,34.996725999999995,-61.94008694457641,1.3851712429935412
74.99754100000001,34.996725999999995,-55.67596839621088,1.231936571855672
84.99754100000001,34.996725999999995,-48.65709126279864,0.6653309880313051
94.99754100000001,34.996725999999995,-41.56255918025751,0.2145567102751079
104.99754100000001,34.996725999999995,-34.523148064377686,-0.039434244273267596
114.99754100000001,34.996725999999995,-27.458282143853534,-0.2626640370051966
124.99754100000001,34.996725999999995,-20.523349658432707,-0.48991387525351765
134.997541,34.996725999999995,-14.962083383586084,-0.12427719033914315
144.997541,34.996725999999995,-10.735627356287427,0.4061783222983977
154.997541,34.996725999999995,-6.727088984189723,-0.42247869477691613
164.997541,34.996725999999995,-2.3218424944500504,-2.506436338226953
-165.002459,44.996725999999995,-3.419911699908509,-3.5458134819520235
-155.002459,44.996725999999995,-10.569379775510205,-0.18503974177957896
-145.002459,44.996725999999995,-17.500164547619047,1.3187852841268164
-135.002459,44.996725999999995,-24.509430589353613,1.9369580691191008
-125.00245899999999,44.996725999999995,-31.509515839517622,2.081838853125755
-115.00245899999999,44.996725999999995,-38.53185205477032,2.1383828135325174
-105.00245899999999,44.996725999999995,-44.85067357511111,1.7739934358806688
-95.00245899999999,44.996725999999995,-50.6398109452182,1.2857397100341632
-85.00245899999999,44.996725999999995,-56.008022736045405,0.81307788558302
-75.00245899999999,44.996725999999995,-60.965360947663555,0.48503774917327314
-65.00245899999999,44.996725999999995,-64.55596220764554,-0.18706110695692113
-55.00245899999999,44.996725999999995,-66.01745659085962,-1.136727896278871
-45.00245899999999,44.996725999999995,-66.78937420501636,-1.192442597248417
-35.00245899999999,44.996725999999995,-67.39540277088037,-0.885583346218642
-25.002458999999988,44.996725999999995,-67.83712125253665,-0.6215426224279385
-15.002458999999988,44.996725999999995,-68.11022021538462,-0.4665435707489993
-5.0024589999999876,44.996725999999995,-68.19614954606742,-0.42978637647689405
4.9975410000000124,44.996725999999995,-68.06494517073172,-0.5089163886382816
14.997541000000012,44.996725999999995,-67.75851770718232,-0.6220431208067463
24.997541000000012,44.996725999999995,-67.28867076034858,-0.7599811159515538
34.99754100000001,44.996725999999995,-66.64718530357143,-0.7032758807508702
44.99754100000001,44.996725999999995,-65.61993962234533,0.10479510765123812
54.99754100000001,44.996725999999995,-63.05439722167488,1.280742902266299
64.99754100000001,44.996725999999995,-58.0147756390008,1.6263787489890384
74.99754100000001,44.996725999999995,-51.41290304100418,1.1219064059283406
84.99754100000001,44.996725999999995,-44.6511415776824,0.6294195927022412
94.99754100000001,44.996725999999995,-37.79683083148936,0.22265255084832766
104.99754100000001,44.996725999999995,-30.85164537005164,-0.22105116903239935
114.99754100000001,44.996725999999995,-23.929135339285715,-0.7302744463435646
124.99754100000001,44.996725999999995,-17.970050918544196,-0.7264217120748865
134.997541,44.996725999999995,-13.371185140871177,-0.13582148724077212
144.997541,44.996725999999995,-9.849514184104628,0.4522396986914162
154.997541,44.996725999999995,-6.230366682459677,-0.4824464382120116
164.997541,44.996725999999995,-2.20700136053719,-2.441746419227378
-165.002459,54.996725999999995,-3.440364333026679,-3.453616740012121
-155.002459,54.996725999999995,-10.49551844888476,-0.1670374564234485
-145.002459,54.996725999999995,-17.496387610545792,1.3217148361521696
-135.002459,54.996725999999995,-24.514035062797333,1.874038040800419
-125.00245899999999,54.996725999999995,-31.526406914837576,2.0674482197898394
-115.00245899999999,54.996725999999995,-37.84459723651079,1.7873218722418023
-105.00245899999999,54.996725999999995,-43.64189848809524,1.3324213714998991
-95.00245899999999,54.996725999999995,-48.93555500373134,0.8202878047585072
-85.00245899999999,54.996725999999995,-53.83327854448743,0.42420697509400723
-75.00245899999999,54.996725999999995,-58.32843604702495,0.19138819758004455
-65.00245899999999,54.996725999999995,-62.42954823609845,0.18832393187906937
-55.00245899999999,54.996725999999995,-64.94649606466302,-0.44912072714219875
-45.00245899999999,54.996725999999995,-66.00912995419847,-1.0896550065332535
-35.00245899999999,54.996725999999995,-66.62105046455835,-1.1378790633742208
-25.002458999999988,54.996725999999995,-67.04244019368879,-0.9529842964742946
-15.002458999999988,54.996725999999995,-67.30427017561522,-0.7747646649754754
-5.0024589999999876,54.996725999999995,-67.37163663296703,-0.7382445902017074
4.9975410000000124,54.996725999999995,-67.20006661024499,-0.819651125942346
14.997541000000012,54.996725999999995,-66.85941512707183,-0.8361129396941002
24.997541000000012,54.996725999999995,-66.33109114675052,-0.5642024618017653
34.99754100000001,54.996725999999995,-65.33940373792487,0.2803447039913876
44.99754100000001,54.996725999999995,-63.06772549557522,1.3407114046429212
54.99754100000001,54.996725999999995,-58.79313268537549,1.8087605885725395
64.99754100000001,54.996725999999995,-52.82749946452702,1.4377411329431848
74.99754100000001,54.996725999999995,-46.53374855345395,0.9912207454977666
84.99754100000001,54.996725999999995,-40.115352813775516,0.6165450931396462
94.99754100000001,54.996725999999995,-33.53154356804734,0.11929454093640914
104.99754100000001,54.996725999999995,-26.743098463743674,-0.6388199929112076
114.99754100000001,54.996725999999995,-20.58298419744681,-1.0950570758608325
124.99754100000001,54.996725999999995,-15.700300626494938,-0.8169991929155376
134.997541,54.996725999999995,-12.087863762463343,0.07770732417941623
144.997541,54.996725999999995,-9.035967855975484,0.5071866104900161
154.997541,54.996725999999995,-5.739523957055216,-0.5854312855906066
164.997541,54.996725999999995,-2.0192056438213912,-2.4986167646551776
-165.002459,64.996726,-3.4236288298068076,-3.402643889886877
-155.002459,64.996726,-10.462274927342255,-0.10566613409919362
-145.002459,64.996726,-17.494338940520446,1.3322535565077553
-135.002459,64.996726,-24.502774789797712,1.903402088139257
-125.00245899999999,64.996726,-30.90375571516214,1.8422575670485333
-115.00245899999999,64.996726,-36.62525366324627,1.4039916761219224
-105.00245899999999,64.996726,-41.91004082857143,0.8816577400575796
-95.00245899999999,64.996726,-46.78243126490066,0.39851468464552203
-85.00245899999999,64.996726,-51.25265764169068,0.05376957698629941
-75.00245899999999,64.996726,-55.352969300194935,-0.12973665817654284
-65.00245899999999,64.996726,-59.10270618067633,-0.05221412545169585
-55.00245899999999,64.996726,-62.420303086031446,0.14194289084444095
-45.00245899999999,64.996726,-64.56275887488987,-0.15339280220392779
-35.00245899999999,64.996726,-65.56400868608094,-0.6460458197138458
-25.002458999999988,64.996726,-66.06300703703704,-0.8408349041888042
-15.002458999999988,64.996726,-66.31305353452116,-0.816251931075506
-5.0024589999999876,64.996726,-66.3516660798722,-0.6905082961301754
4.9975410000000124,64.996726,-66.10310773406376,-0.44575933025718373
14.997541000000012,64.996726,-65.54718247959184,0.06759194000823388
24.997541000000012,64.996726,-64.35784920289856,0.8617260021288204
34.99754100000001,64.996726,-61.98910747691083,1.572085311263354
44.99754100000001,64.996726,-58.08861818218624,1.8743489033763916
54.99754100000001,64.996726,-52.87683184583333,1.6239090880162326
64.99754100000001,64.996726,-47.28642334529915,1.3419071641891134
74.99754100000001,64.996726,-41.292922094420604,0.9553161196939329
84.99754100000001,64.996726,-35.148847998303644,0.4843310990248958
94.99754100000001,64.996726,-28.741392581726743,-0.3480351489715828
104.99754100000001,64.996726,-22.69213051548117,-1.1120057449362852
114.99754100000001,64.996726,-17.65658948115688,-1.3067288775787034
124.99754100000001,64.996726,-13.846324971559634,-0.666439170801244
134.997541,64.996726,-11.025088357518403,0.4151299441341693
144.997541,64.996726,-8.347449645093945,0.6118126600073975
154.997541,64.996726,-5.329708748186529,-0.665882039713458
164.997541,64.996726,-1.8536520544707091,-2.5649650581377847
-165.002459,74.996726,-3.4727338621323525,-3.277292105326215
-155.002459,74.996726,-10.513895646551726,0.013299225289394152
-145.002459,74.996726,-17.511427207111108,1.4176334800853045
-135.002459,74.996726,-23.891322143109544,1.6416643430178233
-125.00245899999999,74.996726,-29.700764676172952,1.4263028668538584
-115.00245899999999,74.996726,-34.884800904716066,0.9044721780636803
-105.00245899999999,74.996726,-39.71419313076923,0.4046474731600811
-95.00245899999999,74.996726,-44.1951303171678,-0.017703091722022203
-85.00245899999999,74.996726,-48.34529737379576,-0.2578709712773818
-75.00245899999999,74.996726,-52.0973340401567,-0.3235746542977022
-65.00245899999999,74.996726,-55.416816639883834,-0.21227306844183078
-55.00245899999999,74.996726,-58.379066361538456,0.05630427118021752
-45.00245899999999,74.996726,-61.05814346348314,0.42616139684055704
-35.00245899999999,74.996726,-62.99057268133802,0.5640895002306343
-25.002458999999988,74.996726,-64.06685781111112,0.5353269474556674
-15.002458999999988,74.996726,-64.45061289236111,0.5345242211998713
-5.0024589999999876,74.996726,-64.19057853878944,0.7388102878241712
4.9975410000000124,74.996726,-63.34172044564316,1.1354147167309565
14.997541000000012,74.996726,-61.841638476418865,1.5027829027361048
24.997541000000012,74.996726,-59.47276833945686,1.808836183631043
34.99754100000001,74.996726,-55.81796034307824,1.719423731255943
44.99754100000001,74.996726,-51.43990785089974,1.560425797031281
54.99754100000001,74.996726,-46.62454617376775,1.4161862454740497
64.99754100000001,74.996726,-41.3267954366554,1.1717326365052612
74.99754100000001,74.996726,-35.69876697038917,0.7460342232507229
84.99754100000001,74.996726,-29.77252717681895,-0.03848547378677405
94.99754100000001,74.996726,-23.986762647108844,-0.9812267129855664
104.99754100000001,74.996726,-19.08992766244344,-1.468329549701338
114.99754100000001,74.996726,-15.285042179924243,-1.1930269881116877
124.99754100000001,74.996726,-12.405976670318726,-0.24076093484785335
134.997541,74.996726,-10.147219549732622,0.8003412957379579
144.997541,74.996726,-7.707048216842105,0.6364240062070773
154.997541,74.996726,-4.898813735015773,-0.8306850568948719
164.997541,74.996726,-1.7343996939203352,-2.6362713669664712
-165.002459,84.996726,-3.411525273567468,-3.2187998845362014
-155.002459,84.996726,-10.516104201777777,0.1904632484727716
-145.002459,84.996726,-16.96378135387324,1.2499827159971741
-135.002459,84.996726,-22.772998149812736,1.263999776655728
-125.00245899999999,84.996726,-27.944810546226414,0.8399482743571512
-115.00245899999999,84.996726,-32.69498933974976,0.3267327861525465
-105.00245899999999,84.996726,-37.1810515635148,-0.039164142772661725
-95.00245899999999,84.996726,-41.2920046,-0.32760502557372717
-85.00245899999999,84.996726,-45.03677586509434,-0.48724990972693855
-75.00245899999999,84.996726,-48.40480582302569,-0.4426433651706029
-65.00245899999999,84.996726,-51.410242597898765,-0.1879668214070897
-55.00245899999999,84.996726,-53.99280677841452,0.14766328907587134
-45.00245899999999,84.996726,-56.157634001885015,0.5002910591510257
-35.00245899999999,84.996726,-57.85764820331187,0.8431788470444934
-25.002458999999988,84.996726,-58.997414500000005,1.1677578036744494
-15.002458999999988,84.996726,-59.29506104600484,1.360023289015106
-5.0024589999999876,84.996726,-58.600624442636295,1.4782341261706817
4.9975410000000124,84.996726,-57.098475578595306,1.562469276045743
14.997541000000012,84.996726,-54.973983872395834,1.527296748735434
24.997541000000012,84.996726,-52.16190651538461,1.4116824078665395
34.99754100000001,84.996726,-48.749852744644386,1.3725744893584853
44.99754100000001,84.996726,-44.7275544423408,1.317239511644027
54.99754100000001,84.996726,-40.17227117657046,1.1674054513435874
64.99754100000001,84.996726,-35.18223360526316,0.8316983336568267
74.99754100000001,84.996726,-29.75975714225589,0.07168485540673938
84.99754100000001,84.996726,-24.466661125833333,-0.817503681019226
94.99754100000001,84.996726,-19.879561915846015,-1.4252471163129425
104.99754100000001,84.996726,-16.201114483747606,-1.4476342600922174
114.99754100000001,84.996726,-13.403986006796119,-0.7616334433156932
124.99754100000001,84.996726,-11.383556505783387,0.4890299890919755
134.997541,84.996726,-9.404636191048036,1.1844481458691027
144.997541,84.996726,-7.146502891373801,0.6013711282302019
154.997541,84.996726,-4.528236734888654,-1.0148952487125176
164.997541,84.996726,-1.6049533659305995,-2.7730651626706284
-165.002459,94.996726,-3.4423814879786288,-2.967761448268362
-155.002459,94.996726,-9.968593834219858,0.173430282435254
-145.002459,94.996726,-15.819988847963801,0.9861461462711523
-135.002459,94.996726,-21.011575518867925,0.7366655887981844
-125.00245899999999,94.996726,-25.769318521988527,0.26952653049969794
-115.00245899999999,94.996726,-30.218811737704918,-0.08741336797666768
-105.00245899999999,94.996726,-34.27483810939013,-0.4011822405949602
-95.00245899999999,94.996726,-38.01188216375969,-0.5537631146618659
-85.00245899999999,94.996726,-41.395949061657035,-0.5199172088756016
-75.00245899999999,94.996726,-44.396804396190475,-0.33816511472007715
-65.00245899999999,94.996726,-46.98257387211538,-0.014014940917500673
-55.00245899999999,94.996726,-49.14255220439351,0.3510082828425858
-45.00245899999999,94.996726,-50.88518793642143,0.7743310024232295
-35.00245899999999,94.996726,-51.96230746289753,1.0225616477095159
-25.002458999999988,94.996726,-52.39565907166667,1.2009557653456622
-15.002458999999988,94.996726,-51.88632825760287,1.044579118128007
-5.0024589999999876,94.996726,-50.96271975901495,1.032096035237841
4.9975410000000124,94.996726,-49.59201653017241,1.0993065403168618
14.997541000000012,94.996726,-47.573835708333334,1.057520235849812
24.997541000000012,94.996726,-44.897741149026245,1.0105209282102365
34.99754100000001,94.996726,-41.62045883026756,0.9816998855485313
44.99754100000001,94.996726,-37.832651258119654,0.9290379458575606
54.99754100000001,94.996726,-33.55055061306533,0.6688128371073581
64.99754100000001,94.996726,-28.797490230240548,0.03903530970782298
74.99754100000001,94.996726,-23.984084912438625,-0.8282327306607099
84.99754100000001,94.996726,-19.85996175573192,-1.4137963174804982
94.99754100000001,94.996726,-16.52174327634011,-1.5027851032658142
104.99754100000001,94.996726,-13.943931814065511,-0.9911541438066345
114.99754100000001,94.996726,-12.108068298006295,0.12850962329845667
124.99754100000001,94.996726,-10.529983263100437,1.2050506583666543
134.997541,94.996726,-8.728960177228787,1.3932598296653205
144.997541,94.996726,-6.631540422198041,0.4354326806107692
154.997541,94.996726,-4.2359836493092455,-1.2206427271223388
164.997541,94.996726,-1.5017195714285716,-2.9657791233438253
-165.002459,104.996726,-3.003671352730528,-2.9963709766014395
-155.002459,104.996726,-8.843006877697842,-0.03128642928098737
-145.002459,104.996726,-14.147993950943397,0.7909555886642525
-135.002459,104.996726,-18.877796903567983,0.4217812969066175
-125.00245899999999,104.996726,-23.275106981589143,-0.05080250205758278
-115.00245899999999,104.996726,-27.295795747826087,-0.39194163934596177
-105.00245899999999,104.996726,-31.020093619649803,-0.5709488987514653
-95.00245899999999,104.996726,-34.40781445445736,-0.5531294639186866
-85.00245899999999,104.996726,-37.343279834782614,-0.40795717289624567
-75.00245899999999,104.996726,-39.97197039774859,-0.06055400309796943
-65.00245899999999,104.996726,-42.15567020969245,0.34110890342219696
-55.00245899999999,104.996726,-43.86738728506788,0.7441797518112366
-45.00245899999999,104.996726,-44.96084288849868,0.9923381320890898
-35.00245899999999,104.996726,-45.43824271766695,1.1171443954930256
-25.002458999999988,104.996726,-45.0937697295082,0.9074791419481378
-15.002458999999988,104.996726,-44.458767299818845,0.7319863480049124
-5.0024589999999876,104.996726,-43.64362670468611,0.7455999255994414
4.9975410000000124,104.996726,-42.250548933217694,0.7344080545925895
14.997541000000012,104.996726,-40.26950008885017,0.7151606055881347
24.997541000000012,104.996726,-37.68804708017242,0.6657715515836092
34.99754100000001,104.996726,-34.57915699056604,0.5976322525752251
44.99754100000001,104.996726,-30.98889705421687,0.38171548025742846
54.99754100000001,104.996726,-26.72749863149079,-0.3269052684116153
64.99754100000001,104.996726,-22.68841118212766,-0.9534899076368327
74.99754100000001,104.996726,-19.104205706570657,-1.4353855933561679
84.99754100000001,104.996726,-16.19029060056391,-1.4783708397065325
94.99754100000001,104.996726,-13.928617604926108,-1.0491314111442223
104.99754100000001,104.996726,-12.303940868530022,-0.08674682279863305
114.99754100000001,104.996726,-11.034480892039257,1.0282606861953165
124.99754100000001,104.996726,-9.661043284302963,1.6280906895379141
134.997541,104.996726,-8.077199282608696,1.3619088100534067
144.997541,104.996726,-6.166607591154261,0.12311400323028952
154.997541,104.996726,-3.928934574650913,-1.5492868749205306
164.997541,104.996726,-1.4005687168803418,-3.2418273808154816
-165.002459,114.996726,-2.310182610375276,-3.1510792296899703
-155.002459,114.996726,-7.164246432306257,-0.5237436214909145
-145.002459,114.996726,-12.002241287749289,0.6826727652973479
-135.002459,114.996726,-16.378177423828127,0.4610641498543278
-125.00245899999999,114.996726,-20.38044437073171,-0.05085748967083595
-115.00245899999999,114.996726,-24.026506690408358,-0.4102181952041025
-105.00245899999999,114.996726,-27.379467401373898,-0.484618363550746
-95.00245899999999,114.996726,-30.36730426959847,-0.34686291243672585
-85.00245899999999,114.996726,-32.98907578062678,-0.022843728950838856
-75.00245899999999,114.996726,-35.17031713295881,0.39922205272444317
-65.00245899999999,114.996726,-36.874830697440586,0.8269635845154514
-55.00245899999999,114.996726,-37.97662945278024,1.1114821218523667
-45.00245899999999,114.996726,-38.46191259256055,1.2098354750404066
-35.00245899999999,114.996726,-38.18418924770642,0.9457878180524083
-25.002458999999988,114.996726,-37.81345878244972,0.7556245085752927
-15.002458999999988,114.996726,-37.302848899365365,0.6324753204446968
-5.0024589999999876,114.996726,-36.45337448211092,0.5864313700539642
4.9975410000000124,114.996726,-34.95610120711111,0.45946886115595625
14.997541000000012,114.996726,-32.99171738488271,0.3745313984861432
24.997541000000012,114.996726,-30.482484054468088,0.21092601977992145
34.99754100000001,114.996726,-27.4372652674216,-0.10652383167968443
44.99754100000001,114.996726,-24.01197980167364,-0.617379849389518
54.99754100000001,114.996726,-20.624113072033897,-1.1473338600169196
64.99754100000001,114.996726,-17.649297018666665,-1.4895059088885365
74.99754100000001,114.996726,-15.201776499531396,-1.474868926151517
84.99754100000001,114.996726,-13.34414578690127,-1.0225472843381378
94.99754100000001,114.996726,-12.042088500522466,-0.14242705206244569
104.99754100000001,114.996726,-11.002723537527594,0.8312063180296126
114.99754100000001,114.996726,-9.919167502207507,1.4639724292221714
124.99754100000001,114.996726,-8.713381807280514,1.5538786996495897
134.997541,114.996726,-7.318180931769722,0.9096505165131774
144.997541,114.996726,-5.670883497393118,-0.3850224719333204
154.997541,114.996726,-3.6562078472958643,-1.9354014680434246
164.997541,114.996726,-1.3022843669222344,-3.5861708828140904
-165.002459,124.996726,-1.3678992733446522,-3.5906863370849695
-155.002459,124.996726,-5.002004072761195,-1.5292521008959012
-145.002459,124.996726,-9.407783173333334,0.35253921705693364
-135.002459,124.996726,-13.443940206997084,0.6607918293842454
-125.00245899999999,124.996726,-17.096564131034484,0.29356781547969735
-115.00245899999999,124.996726,-20.435418078034683,-0.01017169931298957
-105.00245899999999,124.996726,-23.386316826704547,-0.06412567072049696
-95.00245899999999,124.996726,-25.97375828985507,0.1565350992403205
-85.00245899999999,124.996726,-28.129223521655437,0.5084353235243712
-75.00245899999999,124.996726,-29.859509277272725,0.9519844263125286
-65.00245899999999,124.996726,-31.01805956287944,1.2923710436838687
-55.00245899999999,124.996726,-31.459902055315467,1.3726044165268096
-45.00245899999999,124.996726,-31.312058562037034,1.1726908012997717
-35.00245899999999,124.996726,-31.094590916134916,0.9817494026772338
-25.002458999999988,124.996726,-30.769397024456524,0.7594623503737309
-15.002458999999988,124.996726,-30.291540378256958,0.6346314367011661
-5.0024589999999876,124.996726,-29.281516074573226,0.4363210213279706
4.9975410000000124,124.996726,-27.787668652863434,0.2515290753671826
14.997541000000012,124.996726,-25.815476258064514,-0.004149724775475769
24.997541000000012,124.996726,-23.311597460122698,-0.4367759402743332
34.99754100000001,124.996726,-20.49519489841799,-0.9886843774819191
44.99754100000001,124.996726,-17.92775744530577,-1.3107887231283601
54.99754100000001,124.996726,-15.6350278507326,-1.4798229447067195
64.99754100000001,124.996726,-13.768449565714285,-1.3280511909817956
74.99754100000001,124.996726,-12.32155090029615,-0.8969364328333798
84.99754100000001,124.996726,-11.273023255838641,-0.2090740922480292
94.99754100000001,124.996726,-10.417010782417583,0.5021802641216908
104.99754100000001,124.996726,-9.596530948801744,1.033304737557658
114.99754100000001,124.996726,-8.682279465193371,1.1922100131368216
124.99754100000001,124.996726,-7.6257108535519125,0.843708507182776
134.997541,124.996726,-6.40390669047619,0.0026650338316751964
144.997541,124.996726,-4.978967586206897,-1.1750366581610268
154.997541,124.996726,-3.2816873506224065,-2.4194744621487096
164.997541,124.996726,-1.213946895768834,-3.9361054737957315
-165.002459,134.996726,-0.4562480165289256,-4.181672906956294
-155.002459,134.996726,-2.4992118949999997,-3.011988661139096
-145.002459,134.996726,-6.467247051330799,-0.6070022495259272
-135.002459,134.996726,-10.098288814492753,0.5981879696209936
-125.00245899999999,134.996726,-13.457131314638783,0.8101038516792963
-115.00245899999999,134.996726,-16.395582032411824,0.6460067601234797
-105.00245899999999,134.996726,-18.987513946131244,0.6208671478845514
-95.00245899999999,134.996726,-21.161434488929892,0.8027105451240197
-85.00245899999999,134.996726,-22.815877478703705,1.0845479114252567
-75.00245899999999,134.996726,-23.980859022261797,1.3923317939909978
-65.00245899999999,134.996726,-24.47808527480246,1.504073652597674
-55.00245899999999,134.996726,-24.43996434898711,1.3718298481634563
-45.00245899999999,134.996726,-24.30993833833177,1.1983160602970009
-35.00245899999999,134.996726,-24.14606436329588,1.005081070934224
-25.002458999999988,134.996726,-23.883090822594877,0.814158744556048
-15.002458999999988,134.996726,-23.23653194383057,0.560324402610341
-5.0024589999999876,134.996726,-22.1383496285461,0.26048556156643793
4.9975410000000124,134.996726,-20.552802358724534,-0.15388383458299945
14.997541000000012,134.996726,-18.672948778938206,-0.6183941176982851
24.997541000000012,134.996726,-16.749246911035073,-0.991900604395383
34.99754100000001,134.996726,-14.888654513876457,-1.2480601601346244
44.99754100000001,134.996726,-13.30213307728558,-1.2680878934225506
54.99754100000001,134.996726,-11.97107198939248,-1.0846537557827327
64.99754100000001,134.996726,-10.9177175,-0.7247547338193514
74.99754100000001,134.996726,-10.017518750533048,-0.35380360896399976
84.99754100000001,134.996726,-9.264708079059828,-0.005596965102612197
94.99754100000001,134.996726,-8.597259446581196,0.23239917838397942
104.99754100000001,134.996726,-7.967637559523809,0.34505729204646945
114.99754100000001,134.996726,-7.257365969409282,0.19313296731952195
124.99754100000001,134.996726,-6.3706856168623265,-0.3323750721805089
134.997541,134.996726,-5.3429037535753565,-1.1293243142810272
144.997541,134.996726,-4.094153731182796,-2.096196048923
154.997541,134.996726,-2.642018030398323,-3.112927526608375
164.997541,134.996726,-0.9281357489316239,-4.489167805614504
-165.002459,144.996726,nan,nan
-155.002459,144.996726,-0.9325307205128204,-3.8876866263258356
-145.002459,144.996726,-3.1158954304889743,-2.556138092287281
-135.002459,144.996726,-6.482255475073314,-0.5018515490440066
-125.00245899999999,144.996726,-9.38991961904762,0.5980906749543846
-115.00245899999999,144.996726,-11.994563680568719,1.049159510628914
-105.00245899999999,144.996726,-14.15551500932836,1.2069228564626868
-95.00245899999999,144.996726,-15.867897594812165,1.3445268354280673
-85.00245899999999,144.996726,-16.96194830992098,1.41699081324915
-75.00245899999999,144.996726,-17.52401485383244,1.4693186404976624
-65.00245899999999,144.996726,-17.499536060296847,1.2390579380740543
-55.00245899999999,144.996726,-17.469439308118083,1.0748982318682985
-45.00245899999999,144.996726,-17.419494190564293,0.9138478316954158
-35.00245899999999,144.996726,-17.334839229508194,0.7863834113710103
-25.002458999999988,144.996726,-16.95292778506375,0.518911233554325
-15.002458999999988,144.996726,-16.255516541516247,0.19504872274956367
-5.0024589999999876,144.996726,-15.184209147826085,-0.2463486366470691
4.9975410000000124,144.996726,-14.034175889867843,-0.6007214715405302
14.997541000000012,144.996726,-12.80994635930339,-0.9148150083643505
24.997541000000012,144.996726,-11.678100142300195,-1.080536547262894
34.99754100000001,144.996726,-10.622522337944664,-1.122136656235651
44.99754100000001,144.996726,-9.721464525720165,-1.0405739197529809
54.99754100000001,144.996726,-8.906693103081828,-0.9360765713294528
64.99754100000001,144.996726,-8.209185951629863,-0.8254671387705855
74.99754100000001,144.996726,-7.564676837953091,-0.7747482074314196
84.99754100000001,144.996726,-6.994453731629393,-0.7773831311647518
94.99754100000001,144.996726,-6.5054340809935205,-0.8197266902089628
104.99754100000001,144.996726,-6.052373842502697,-0.9512009709453553
114.99754100000001,144.996726,-5.580266340106952,-1.1671258239978806
124.99754100000001,144.996726,-4.920322332974138,-1.621870702711578
134.997541,144.996726,-4.05891773196986,-2.2733083253977306
144.997541,144.996726,-3.024686427331887,-3.0361213792264103
154.997541,144.996726,-1.7842903195652173,-4.007654752152595
164.997541,144.996726,-0.5553614597014925,-5.137986928673996
-165.002459,154.996726,nan,nan
-155.002459,154.996726,nan,nan
-145.002459,154.996726,-0.9213071142857141,-3.856542638177693
-135.002459,154.996726,-2.53061324975025,-2.844717653288028
-125.00245899999999,154.996726,-4.986920320647003,-1.3177478308721455
-115.00245899999999,154.996726,-7.142632108309991,-0.22173805842600836
-105.00245899999999,154.996726,-8.871463505154638,0.43345127859793714
-95.00245899999999,154.996726,-9.982691261840928,0.6239187408619491
-85.00245899999999,154.996726,-10.478381145338208,0.4704333702727707
-75.00245899999999,154.996726,-10.449782463414634,0.05636314902876369
-65.00245899999999,154.996726,-10.49701552251407,-0.17276143752893738
-55.00245899999999,154.996726,-10.492697563770795,-0.3945425045138295
-45.00245899999999,154.996726,-10.53721077458256,-0.4738618975907426
-35.00245899999999,154.996726,-10.43317494095941,-0.6242284449992043
-25.002458999999988,154.996726,-10.082590755494506,-0.8826159083053698
-15.002458999999988,154.996726,-9.61079949321267,-1.1632331455925027
-5.0024589999999876,154.996726,-8.998894914772727,-1.455245230128782
4.9975410000000124,154.996726,-8.404279358166189,-1.6382458913033546
14.997541000000012,154.996726,-7.772802417721519,-1.7725811330454013
24.997541000000012,154.996726,-7.194372067527309,-1.823294989148475
34.99754100000001,154.996726,-6.5974491222664025,-1.8816807437140866
44.99754100000001,154.996726,-6.096667187689204,-1.8689302372467085
54.99754100000001,154.996726,-5.6347595913757695,-1.8677414832844637
64.99754100000001,154.996726,-5.1870188247639035,-1.9007825600969552
74.99754100000001,154.996726,-4.781332731914893,-1.9441372707714444
84.99754100000001,154.996726,-4.419008064881566,-2.0242042889466036
94.99754100000001,154.996726,-4.123044984732824,-2.1316002264978673
104.99754100000001,154.996726,-3.816525444924406,-2.329565624496357
114.99754100000001,154.996726,-3.5628616932185144,-2.523639797117423
124.99754100000001,154.996726,-3.204906772678762,-2.820590752433521
134.997541,154.996726,-2.624331481203008,-3.320516660371536
144.997541,154.996726,-1.7770005966209081,-4.096454641704369
154.997541,154.996726,-0.7880108592677346,-5.099565724686982
164.997541,154.996726,-0.18719666470588237,-5.8077922147722285
-165.002459,164.996726,nan,nan
-155.002459,164.996726,nan,nan
-145.002459,164.996726,nan,nan
-135.002459,164.996726,-0.449867,-4.063888290037582
-125.00245899999999,164.996726,-1.3140069577702702,-3.498022059289791
-115.00245899999999,164.996726,-2.2811641752360963,-2.9584641715141506
-105.00245899999999,164.996726,-3.0013743577092513,-2.760651392306587
-95.00245899999999,164.996726,-3.5309654053811657,-2.6741043482213422
-85.00245899999999,164.996726,-3.526287153628652,-3.009762239740663
-75.00245899999999,164.996726,-3.498614371296296,-3.2601039898932314
-65.00245899999999,164.996726,-3.527613009345794,-3.4059594804206537
-55.00245899999999,164.996726,-3.531209079887218,-3.5218622191252225
-45.00245899999999,164.996726,-3.476401358070501,-3.6480860243741144
-35.00245899999999,164.996726,-3.4888742647601476,-3.645771814709599
-25.002458999999988,164.996726,-3.382318796992481,-3.6930773717874974
-15.002458999999988,164.996726,-3.197157737873135,-3.7505736092061834
-5.0024589999999876,164.996726,-3.028216722063037,-3.732195044388367
4.9975410000000124,164.996726,-2.847921618395303,-3.6846110597991912
14.997541000000012,164.996726,-2.6737732740667974,-3.6245257543231846
24.997541000000012,164.996726,-2.4593146891891893,-3.5776728834579146
34.99754100000001,164.996726,-2.2632419898373985,-3.5248256495649612
44.99754100000001,164.996726,-2.121828477948718,-3.4401641758768684
54.99754100000001,164.996726,-1.9577344963579604,-3.399837616602355
64.99754100000001,164.996726,-1.8171704883248734,-3.3805917764128885
74.99754100000001,164.996726,-1.6758269706190976,-3.4061717184293148
84.99754100000001,164.996726,-1.5555512006302519,-3.4868183790208755
94.99754100000001,164.996726,-1.4502166268656715,-3.619587352358983
104.99754100000001,164.996726,-1.3621616491596638,-3.805755134462283
114.99754100000001,164.996726,-1.244830926124197,-4.070328687255172
124.99754100000001,164.996726,-1.1626198880675818,-4.3304775055682505
134.997541,164.996726,-0.903700659375,-4.748414986530253
144.997541,164.996726,-0.5497511205357144,-5.290690705922026
154.997541,164.996726,-0.1928030117647059,-5.875116931583527
164.997541,164.996726,nan,nan
