-1.2182303709923663, -2.86845441462084, -4.30205781096801, -4.687446523890785, -8.955559368731564, -12.317431726106744, -10.04262529497016, -15.12869146953873, -19.34784770727508 | 0.103639672157383
-2.86845441462084, -4.30205781096801, -5.17652496284585, -8.955559368731564, -12.317431726106744, -14.65303399720782, -15.12869146953873, -19.34784770727508, -22.718525130562558 | 0.598593503344868
-4.30205781096801, -5.17652496284585, -5.196655435430464, -12.317431726106744, -14.65303399720782, -15.7620904155014, -19.34784770727508, -22.718525130562558, -25.04599992638777 | 0.9034004328381972
-5.17652496284585, -5.196655435430464, -5.192846531250001, -14.65303399720782, -15.7620904155014, -15.772365219400498, -22.718525130562558, -25.04599992638777, -26.23523326093812 | 1.182588863594226
-5.196655435430464, -5.192846531250001, -5.152500736105393, -15.7620904155014, -15.772365219400498, -15.7552661895638, -25.04599992638777, -26.23523326093812, -26.28489220496633 | 1.0614088830609183
-5.192846531250001, -5.152500736105393, -5.167647755110384, -15.772365219400498, -15.7552661895638, -15.732777249488754, -26.23523326093812, -26.28489220496633, -26.264813397260276 | 1.0004580295362788
-5.152500736105393, -5.167647755110384, -5.181765266693978, -15.7552661895638, -15.732777249488754, -15.743160347493628, -26.28489220496633, -26.264813397260276, -26.238130758278142 | 0.9486643423203532
-5.167647755110384, -5.181765266693978, -5.205270157024793, -15.732777249488754, -15.743160347493628, -15.735893671529803, -26.264813397260276, -26.238130758278142, -26.260807076135897 | 0.957291192390174
-5.181765266693978, -5.205270157024793, -5.230034915603129, -15.743160347493628, -15.735893671529803, -15.735575787547328, -26.238130758278142, -26.260807076135897, -26.25925283884298 | 0.8685799181819438
-5.205270157024793, -5.230034915603129, -5.235743168174343, -15.735893671529803, -15.735575787547328, -15.740137700041206, -26.260807076135897, -26.25925283884298, -26.271988611774397 | 0.763350847691784
-5.230034915603129, -5.235743168174343, -5.19904057805383, -15.735575787547328, -15.740137700041206, -15.728293628853269, -26.25925283884298, -26.271988611774397, -26.27822564279836 | 0.6003097523362559
-5.235743168174343, -5.19904057805383, -5.190198986699917, -15.740137700041206, -15.728293628853269, -15.800812759654889, -26.271988611774397, -26.27822564279836, -26.03795840589391 | 0.4148385603901549
-5.19904057805383, -5.190198986699917, -5.225448186764109, -15.728293628853269, -15.800812759654889, -15.498683854858056, -26.27822564279836, -26.03795840589391, -24.614265219551932 | 0.3363924600699205
-5.190198986699917, -5.225448186764109, -5.014713136381553, -15.800812759654889, -15.498683854858056, -14.1919639808554, -26.03795840589391, -24.614265219551932, -22.14156514959966 | 0.1011542931065904
-5.225448186764109, -5.014713136381553, -4.034877766164748, -15.498683854858056, -14.1919639808554, -11.752814821291148, -24.614265219551932, -22.14156514959966, -18.843311039274923 | -0.3716022938668514
-5.014713136381553, -4.034877766164748, -2.5686376516782774, -14.1919639808554, -11.752814821291148, -8.37433347635279, -22.14156514959966, -18.843311039274923, -14.705681387931037 | -0.8326492894235302
-4.034877766164748, -2.5686376516782774, -1.034793696902655, -11.752814821291148, -8.37433347635279, -4.252958573068432, -18.843311039274923, -14.705681387931037, -9.787571357692308 | -1.5211381649414493
-1.5533421491935484, -4.687446523890785, -8.955559368731564, -4.1958201271777, -10.04262529497016, -15.12869146953873, -7.834880728415759, -14.6202428944468, -20.531907986637933 | 0.5230898899157973
-4.687446523890785, -8.955559368731564, -12.317431726106744, -10.04262529497016, -15.12869146953873, -19.34784770727508, -14.6202428944468, -20.531907986637933, -25.50593795526204 | 0.496626870266721
-8.955559368731564, -12.317431726106744, -14.65303399720782, -15.12869146953873, -19.34784770727508, -22.718525130562558, -20.531907986637933, -25.50593795526204, -29.74789755941656 | 0.2928499917137177
-12.317431726106744, -14.65303399720782, -15.7620904155014, -19.34784770727508, -22.718525130562558, -25.04599992638777, -25.50593795526204, -29.74789755941656, -33.06451002237231 | 0.7741259409788931
-14.65303399720782, -15.7620904155014, -15.772365219400498, -22.718525130562558, -25.04599992638777, -26.23523326093812, -29.74789755941656, -33.06451002237231, -35.464603702549574 | 1.4753657101110216
-15.7620904155014, -15.772365219400498, -15.7552661895638, -25.04599992638777, -26.23523326093812, -26.28489220496633, -33.06451002237231, -35.464603702549574, -36.70499674229249 | 1.956028130758947
-15.772365219400498, -15.7552661895638, -15.732777249488754, -26.23523326093812, -26.28489220496633, -26.264813397260276, -35.464603702549574, -36.70499674229249, -36.75643768595388 | 1.985179297353268
-15.7552661895638, -15.732777249488754, -15.743160347493628, -26.28489220496633, -26.264813397260276, -26.238130758278142, -36.70499674229249, -36.75643768595388, -36.77096501814433 | 2.183050145320416
-15.732777249488754, -15.743160347493628, -15.735893671529803, -26.264813397260276, -26.238130758278142, -26.260807076135897, -36.75643768595388, -36.77096501814433, -36.77020694752066 | 2.4085994727014506
-15.743160347493628, -15.735893671529803, -15.735575787547328, -26.238130758278142, -26.260807076135897, -26.25925283884298, -36.77096501814433, -36.77020694752066, -36.75166750874272 | 2.413139105575141
-15.735893671529803, -15.735575787547328, -15.740137700041206, -26.260807076135897, -26.25925283884298, -26.271988611774397, -36.77020694752066, -36.75166750874272, -36.80557771817059 | 2.0933325033212062
-15.735575787547328, -15.740137700041206, -15.728293628853269, -26.25925283884298, -26.271988611774397, -26.27822564279836, -36.75166750874272, -36.80557771817059, -36.50356825628931 | 1.6455421604105982
-15.740137700041206, -15.728293628853269, -15.800812759654889, -26.271988611774397, -26.27822564279836, -26.03795840589391, -36.80557771817059, -36.50356825628931, -35.06676772276423 | 1.2275089274215751
-15.728293628853269, -15.800812759654889, -15.498683854858056, -26.27822564279836, -26.03795840589391, -24.614265219551932, -36.50356825628931, -35.06676772276423, -32.59174473768421 | 0.885699025141122
-15.800812759654889, -15.498683854858056, -14.1919639808554, -26.03795840589391, -24.614265219551932, -22.14156514959966, -35.06676772276423, -32.59174473768421, -29.264281305389225 | 0.1128322276865117
-15.498683854858056, -14.1919639808554, -11.752814821291148, -24.614265219551932, -22.14156514959966, -18.843311039274923, -32.59174473768421, -29.264281305389225, -25.145030821756222 | -0.7710716639266366
-14.1919639808554, -11.752814821291148, -8.37433347635279, -22.14156514959966, -18.843311039274923, -14.705681387931037, -29.264281305389225, -25.145030821756222, -20.26040427471117 | -1.218806730202267
-11.752814821291148, -8.37433347635279, -4.252958573068432, -18.843311039274923, -14.705681387931037, -9.787571357692308, -25.145030821756222, -20.26040427471117, -14.698320270797964 | -1.1642283423613586
-8.37433347635279, -4.252958573068432, -1.53384907102593, -14.705681387931037, -9.787571357692308, -4.296800959911894, -20.26040427471117, -14.698320270797964, -8.36277258850866 | -1.323603027517101
-4.1958201271777, -10.04262529497016, -15.12869146953873, -7.834880728415759, -14.6202428944468, -20.531907986637933, -10.570507540451745, -18.308981117918588, -25.076232376279865 | 0.8094931320300145
-10.04262529497016, -15.12869146953873, -19.34784770727508, -14.6202428944468, -20.531907986637933, -25.50593795526204, -18.308981117918588, -25.076232376279865, -30.956440036653728 | -0.0241756204182445
-15.12869146953873, -19.34784770727508, -22.718525130562558, -20.531907986637933, -25.50593795526204, -29.74789755941656, -25.076232376279865, -30.956440036653728, -35.995257508358335 | -0.3494036887800243
-19.34784770727508, -22.718525130562558, -25.04599992638777, -25.50593795526204, -29.74789755941656, -33.06451002237231, -30.956440036653728, -35.995257508358335, -40.204004367703455 | 0.1186662132321591
-22.718525130562558, -25.04599992638777, -26.23523326093812, -29.74789755941656, -33.06451002237231, -35.464603702549574, -35.995257508358335, -40.204004367703455, -43.60119230392571 | 0.8641444243126354
-25.04599992638777, -26.23523326093812, -26.28489220496633, -33.06451002237231, -35.464603702549574, -36.70499674229249, -40.204004367703455, -43.60119230392571, -45.95989599637243 | 1.5761654880816525
-26.23523326093812, -26.28489220496633, -26.264813397260276, -35.464603702549574, -36.70499674229249, -36.75643768595388, -43.60119230392571, -45.95989599637243, -47.211735390768006 | 2.086220683552204
-26.28489220496633, -26.264813397260276, -26.238130758278142, -36.70499674229249, -36.75643768595388, -36.77096501814433, -45.95989599637243, -47.211735390768006, -47.27347989493356 | 2.4479228781440487
-26.264813397260276, -26.238130758278142, -26.260807076135897, -36.75643768595388, -36.77096501814433, -36.77020694752066, -47.211735390768006, -47.27347989493356, -47.22788409577582 | 3.045388141992692
-26.238130758278142, -26.260807076135897, -26.25925283884298, -36.77096501814433, -36.77020694752066, -36.75166750874272, -47.27347989493356, -47.22788409577582, -47.28733380946502 | 3.131650047981162
-26.260807076135897, -26.25925283884298, -26.271988611774397, -36.77020694752066, -36.75166750874272, -36.80557771817059, -47.22788409577582, -47.28733380946502, -46.94038763966812 | 2.5622686752603694
-26.25925283884298, -26.271988611774397, -26.27822564279836, -36.75166750874272, -36.80557771817059, -36.50356825628931, -47.28733380946502, -46.94038763966812, -45.49794355748553 | 1.7966037671264905
-26.271988611774397, -26.27822564279836, -26.03795840589391, -36.80557771817059, -36.50356825628931, -35.06676772276423, -46.94038763966812, -45.49794355748553, -43.12671494320572 | 1.0857809985069455
-26.27822564279836, -26.03795840589391, -24.614265219551932, -36.50356825628931, -35.06676772276423, -32.59174473768421, -45.49794355748553, -43.12671494320572, -39.76560381369151 | 0.2737027431338303
-26.03795840589391, -24.614265219551932, -22.14156514959966, -35.06676772276423, -32.59174473768421, -29.264281305389225, -43.12671494320572, -39.76560381369151, -35.6349851116359 | -0.6353285943442126
-24.614265219551932, -22.14156514959966, -18.843311039274923, -32.59174473768421, -29.264281305389225, -25.145030821756222, -39.76560381369151, -35.6349851116359, -30.771338084260048 | -1.4806238134240026
-22.14156514959966, -18.843311039274923, -14.705681387931037, -29.264281305389225, -25.145030821756222, -20.26040427471117, -35.6349851116359, -30.771338084260048, -25.17004910349233 | -1.9758652336972944
-18.843311039274923, -14.705681387931037, -9.787571357692308, -25.145030821756222, -20.26040427471117, -14.698320270797964, -30.771338084260048, -25.17004910349233, -18.87565436627655 | -1.9463990490710608
-14.705681387931037, -9.787571357692308, -4.296800959911894, -20.26040427471117, -14.698320270797964, -8.36277258850866, -25.17004910349233, -18.87565436627655, -11.72299869517358 | -1.3927873619478233
-9.787571357692308, -4.296800959911894, -1.034234257142857, -14.698320270797964, -8.36277258850866, -2.549295951310861, -18.87565436627655, -11.72299869517358, -4.009070805336832 | -1.810701153707535
-7.834880728415759, -14.6202428944468, -20.531907986637933, -10.570507540451745, -18.308981117918588, -25.076232376279865, -12.027885308700832, -21.007414394469297, -28.816054417916845 | 0.8114173530188638
-14.6202428944468, -20.531907986637933, -25.50593795526204, -18.308981117918588, -25.076232376279865, -30.956440036653728, -21.007414394469297, -28.816054417916845, -35.56016841840648 | -0.1494727036587509
-20.531907986637933, -25.50593795526204, -29.74789755941656, -25.076232376279865, -30.956440036653728, -35.995257508358335, -28.816054417916845, -35.56016841840648, -41.47778162526585 | -0.5689474089832247
-25.50593795526204, -29.74789755941656, -33.06451002237231, -30.956440036653728, -35.995257508358335, -40.204004367703455, -35.56016841840648, -41.47778162526585, -46.524954784497446 | -0.3600983338911315
-29.74789755941656, -33.06451002237231, -35.464603702549574, -35.995257508358335, -40.204004367703455, -43.60119230392571, -41.47778162526585, -46.524954784497446, -50.74383144449135 | 0.1903691794706728
-33.06451002237231, -35.464603702549574, -36.70499674229249, -40.204004367703455, -43.60119230392571, -45.95989599637243, -46.524954784497446, -50.74383144449135, -54.17215775984912 | 0.8493113452502856
-35.464603702549574, -36.70499674229249, -36.75643768595388, -43.60119230392571, -45.95989599637243, -47.211735390768006, -50.74383144449135, -54.17215775984912, -56.56405225191455 | 1.513024729725407
-36.70499674229249, -36.75643768595388, -36.77096501814433, -45.95989599637243, -47.211735390768006, -47.27347989493356, -54.17215775984912, -56.56405225191455, -57.774225607212855 | 2.355942424938313
-36.75643768595388, -36.77096501814433, -36.77020694752066, -47.211735390768006, -47.27347989493356, -47.22788409577582, -56.56405225191455, -57.774225607212855, -57.8916100735235 | 3.0570031284743977
-36.77096501814433, -36.77020694752066, -36.75166750874272, -47.27347989493356, -47.22788409577582, -47.28733380946502, -57.774225607212855, -57.8916100735235, -57.60174124374023 | 3.194138101980305
-36.77020694752066, -36.75166750874272, -36.80557771817059, -47.22788409577582, -47.28733380946502, -46.94038763966812, -57.8916100735235, -57.60174124374023, -56.12717570845128 | 2.4859745537731768
-36.75166750874272, -36.80557771817059, -36.50356825628931, -47.28733380946502, -46.94038763966812, -45.49794355748553, -57.60174124374023, -56.12717570845128, -53.63510901355358 | 1.36726299413197
-36.80557771817059, -36.50356825628931, -35.06676772276423, -46.94038763966812, -45.49794355748553, -43.12671494320572, -56.12717570845128, -53.63510901355358, -50.261296792808224 | 0.310255004496528
-36.50356825628931, -35.06676772276423, -32.59174473768421, -45.49794355748553, -43.12671494320572, -39.76560381369151, -53.63510901355358, -50.261296792808224, -46.15900574679761 | -0.4768356462007428
-35.06676772276423, -32.59174473768421, -29.264281305389225, -43.12671494320572, -39.76560381369151, -35.6349851116359, -50.261296792808224, -46.15900574679761, -41.30607992510822 | -1.3128054259394892
-32.59174473768421, -29.264281305389225, -25.145030821756222, -39.76560381369151, -35.6349851116359, -30.771338084260048, -46.15900574679761, -41.30607992510822, -35.699497045006424 | -1.975757525602704
-29.264281305389225, -25.145030821756222, -20.26040427471117, -35.6349851116359, -30.771338084260048, -25.17004910349233, -41.30607992510822, -35.699497045006424, -29.307895161758427 | -2.2879462856200306
-25.145030821756222, -20.26040427471117, -14.698320270797964, -30.771338084260048, -25.17004910349233, -18.87565436627655, -35.699497045006424, -29.307895161758427, -22.22441818478261 | -2.1705359303469893
-20.26040427471117, -14.698320270797964, -8.36277258850866, -25.17004910349233, -18.87565436627655, -11.72299869517358, -29.307895161758427, -22.22441818478261, -14.215681586965548 | -1.6631829315022282
-14.698320270797964, -8.36277258850866, -2.549295951310861, -18.87565436627655, -11.72299869517358, -4.009070805336832, -22.22441818478261, -14.215681586965548, -5.012343718404424 | -1.4372662931219855
-10.570507540451745, -18.308981117918588, -25.076232376279865, -12.027885308700832, -21.007414394469297, -28.816054417916845, -12.248181816368923, -22.494130206100905, -31.527939893908837 | 1.1291758435809165
-18.308981117918588, -25.076232376279865, -30.956440036653728, -21.007414394469297, -28.816054417916845, -35.56016841840648, -22.494130206100905, -31.527939893908837, -39.3261318840399 | 0.2884892135055985
-25.076232376279865, -30.956440036653728, -35.995257508358335, -28.816054417916845, -35.56016841840648, -41.47778162526585, -31.527939893908837, -39.3261318840399, -46.084157613549216 | -0.3811710429482214
-30.956440036653728, -35.995257508358335, -40.204004367703455, -35.56016841840648, -41.47778162526585, -46.524954784497446, -39.3261318840399, -46.084157613549216, -51.99474645399828 | -0.5170798753927264
-35.995257508358335, -40.204004367703455, -43.60119230392571, -41.47778162526585, -46.524954784497446, -50.74383144449135, -46.084157613549216, -51.99474645399828, -57.10178883412322 | -0.2795920256274481
-40.204004367703455, -43.60119230392571, -45.95989599637243, -46.524954784497446, -50.74383144449135, -54.17215775984912, -51.99474645399828, -57.10178883412322, -61.42350076838683 | 0.1904889712143053
-43.60119230392571, -45.95989599637243, -47.211735390768006, -50.74383144449135, -54.17215775984912, -56.56405225191455, -57.10178883412322, -61.42350076838683, -63.92632010905512 | 0.8132723545701515
-45.95989599637243, -47.211735390768006, -47.27347989493356, -54.17215775984912, -56.56405225191455, -57.774225607212855, -61.42350076838683, -63.92632010905512, -64.88675752254098 | 1.543113535690681
-47.211735390768006, -47.27347989493356, -47.22788409577582, -56.56405225191455, -57.774225607212855, -57.8916100735235, -63.92632010905512, -64.88675752254098, -65.05760647811587 | 2.307944544167686
-47.27347989493356, -47.22788409577582, -47.28733380946502, -57.774225607212855, -57.8916100735235, -57.60174124374023, -64.88675752254098, -65.05760647811587, -64.7652350197501 | 2.38912436109265
-47.22788409577582, -47.28733380946502, -46.94038763966812, -57.8916100735235, -57.60174124374023, -56.12717570845128, -65.05760647811587, -64.7652350197501, -63.60620125552923 | 1.703931587243651
-47.28733380946502, -46.94038763966812, -45.49794355748553, -57.60174124374023, -56.12717570845128, -53.63510901355358, -64.7652350197501, -63.60620125552923, -60.89169976288659 | 0.6062504575401657
-46.94038763966812, -45.49794355748553, -43.12671494320572, -56.12717570845128, -53.63510901355358, -50.261296792808224, -63.60620125552923, -60.89169976288659, -56.664992896581566 | -0.301881919838975
-45.49794355748553, -43.12671494320572, -39.76560381369151, -53.63510901355358, -50.261296792808224, -46.15900574679761, -60.89169976288659, -56.664992896581566, -51.801535534803286 | -1.0498743398067538
-43.12671494320572, -39.76560381369151, -35.6349851116359, -50.261296792808224, -46.15900574679761, -41.30607992510822, -56.664992896581566, -51.801535534803286, -46.17931704473684 | -1.6807631539332877
-39.76560381369151, -35.6349851116359, -30.771338084260048, -46.15900574679761, -41.30607992510822, -35.699497045006424, -51.801535534803286, -46.17931704473684, -39.85259158570821 | -2.0519268717279817
-35.6349851116359, -30.771338084260048, -25.17004910349233, -41.30607992510822, -35.699497045006424, -29.307895161758427, -46.17931704473684, -39.85259158570821, -32.6946225140187 | -2.068454261653582
-30.771338084260048, -25.17004910349233, -18.87565436627655, -35.699497045006424, -29.307895161758427, -22.22441818478261, -39.85259158570821, -32.6946225140187, -24.6359488405261 | -1.7479783612483597
-25.17004910349233, -18.87565436627655, -11.72299869517358, -29.307895161758427, -22.22441818478261, -14.215681586965548, -32.6946225140187, -24.6359488405261, -15.519529059308722 | -1.2282525649587153
-18.87565436627655, -11.72299869517358, -4.009070805336832, -22.22441818478261, -14.215681586965548, -5.012343718404424, -24.6359488405261, -15.519529059308722, -5.195149294975689 | -1.0292683042964543
-12.027885308700832, -21.007414394469297, -28.816054417916845, -12.248181816368923, -22.494130206100905, -31.527939893908837, -12.242144039142977, -22.72423588879837, -32.979552300813005 | 1.4505887507214583
-21.007414394469297, -28.816054417916845, -35.56016841840648, -22.494130206100905, -31.527939893908837, -39.3261318840399, -22.72423588879837, -32.979552300813005, -42.03662710036276 | 0.8840819841959567
-28.816054417916845, -35.56016841840648, -41.47778162526585, -31.527939893908837, -39.3261318840399, -46.084157613549216, -32.979552300813005, -42.03662710036276, -49.83583004154303 | 0.1496699130590442
-35.56016841840648, -41.47778162526585, -46.524954784497446, -39.3261318840399, -46.084157613549216, -51.99474645399828, -42.03662710036276, -49.83583004154303, -56.591456757252566 | -0.3203195765429854
-41.47778162526585, -46.524954784497446, -50.74383144449135, -46.084157613549216, -51.99474645399828, -57.10178883412322, -49.83583004154303, -56.591456757252566, -62.43631574541005 | -0.3473518913260209
-46.524954784497446, -50.74383144449135, -54.17215775984912, -51.99474645399828, -57.10178883412322, -61.42350076838683, -56.591456757252566, -62.43631574541005, -65.39522600393701 | -0.0380514619390944
-50.74383144449135, -54.17215775984912, -56.56405225191455, -57.10178883412322, -61.42350076838683, -63.92632010905512, -62.43631574541005, -65.39522600393701, -66.51130329966004 | 0.3956276874165665
-54.17215775984912, -56.56405225191455, -57.774225607212855, -61.42350076838683, -63.92632010905512, -64.88675752254098, -65.39522600393701, -66.51130329966004, -67.05479147123016 | 0.1897120163889303
-56.56405225191455, -57.774225607212855, -57.8916100735235, -63.92632010905512, -64.88675752254098, -65.05760647811587, -66.51130329966004, -67.05479147123016, -67.21557451804252 | -0.0789444453289067
-57.774225607212855, -57.8916100735235, -57.60174124374023, -64.88675752254098, -65.05760647811587, -64.7652350197501, -67.05479147123016, -67.21557451804252, -67.05638503028798 | -0.1490103838250572
-57.8916100735235, -57.60174124374023, -56.12717570845128, -65.05760647811587, -64.7652350197501, -63.60620125552923, -67.21557451804252, -67.05638503028798, -66.4960468942495 | -0.2767980552075724
-57.60174124374023, -56.12717570845128, -53.63510901355358, -64.7652350197501, -63.60620125552923, -60.89169976288659, -67.05638503028798, -66.4960468942495, -65.2766983918402 | -0.2854312122963214
-56.12717570845128, -53.63510901355358, -50.261296792808224, -63.60620125552923, -60.89169976288659, -56.664992896581566, -66.4960468942495, -65.2766983918402, -62.26011313590672 | -0.4126174599639765
-53.63510901355358, -50.261296792808224, -46.15900574679761, -60.89169976288659, -56.664992896581566, -51.801535534803286, -65.2766983918402, -62.26011313590672, -56.66075456609441 | -1.0635999568091474
-50.261296792808224, -46.15900574679761, -41.30607992510822, -56.664992896581566, -51.801535534803286, -46.17931704473684, -62.26011313590672, -56.66075456609441, -50.34657095053306 | -1.6101197758305443
-46.15900574679761, -41.30607992510822, -35.699497045006424, -51.801535534803286, -46.17931704473684, -39.85259158570821, -56.66075456609441, -50.34657095053306, -43.17228084519351 | -1.800382566928619
-41.30607992510822, -35.699497045006424, -29.307895161758427, -46.17931704473684, -39.85259158570821, -32.6946225140187, -50.34657095053306, -43.17228084519351, -35.12812929394813 | -1.4733584827561552
-35.699497045006424, -29.307895161758427, -22.22441818478261, -39.85259158570821, -32.6946225140187, -24.6359488405261, -43.17228084519351, -35.12812929394813, -26.011624786820168 | -0.8826278758374505
-29.307895161758427, -22.22441818478261, -14.215681586965548, -32.6946225140187, -24.6359488405261, -15.519529059308722, -35.12812929394813, -26.011624786820168, -15.742001712114988 | -0.3532850765934782
-22.22441818478261, -14.215681586965548, -5.012343718404424, -24.6359488405261, -15.519529059308722, -5.195149294975689, -26.011624786820168, -15.742001712114988, -5.198724673519737 | -0.4434126455740687
-12.248181816368923, -22.494130206100905, -31.527939893908837, -12.242144039142977, -22.72423588879837, -32.979552300813005, -12.263368580631925, -22.53915044624325, -33.09588813398295 | 1.3679178036015331
-22.494130206100905, -31.527939893908837, -39.3261318840399, -22.72423588879837, -32.979552300813005, -42.03662710036276, -22.53915044624325, -33.09588813398295, -43.462799920292646 | 1.2767370023672766
-31.527939893908837, -39.3261318840399, -46.084157613549216, -32.979552300813005, -42.03662710036276, -49.83583004154303, -33.09588813398295, -43.462799920292646, -52.53900730312881 | 0.7347092123502658
-39.3261318840399, -46.084157613549216, -51.99474645399828, -42.03662710036276, -49.83583004154303, -56.591456757252566, -43.462799920292646, -52.53900730312881, -60.398493610443424 | 0.2118362681474709
-46.084157613549216, -51.99474645399828, -57.10178883412322, -49.83583004154303, -56.591456757252566, -62.43631574541005, -52.53900730312881, -60.398493610443424, -65.15886455390492 | -0.011543888428758
-51.99474645399828, -57.10178883412322, -61.42350076838683, -56.591456757252566, -62.43631574541005, -65.39522600393701, -60.398493610443424, -65.15886455390492, -66.76241812536728 | 0.0850680199392172
-57.10178883412322, -61.42350076838683, -63.92632010905512, -62.43631574541005, -65.39522600393701, -66.51130329966004, -65.15886455390492, -66.76241812536728, -67.70062342624567 | -0.8314326807953706
-61.42350076838683, -63.92632010905512, -64.88675752254098, -65.39522600393701, -66.51130329966004, -67.05479147123016, -66.76241812536728, -67.70062342624567, -68.26542267514677 | -1.204751055895651
-63.92632010905512, -64.88675752254098, -65.05760647811587, -66.51130329966004, -67.05479147123016, -67.21557451804252, -67.70062342624567, -68.26542267514677, -68.47042709760956 | -1.150723461594907
-64.88675752254098, -65.05760647811587, -64.7652350197501, -67.05479147123016, -67.21557451804252, -67.05638503028798, -68.26542267514677, -68.47042709760956, -68.34020949901672 | -1.125741852670619
-65.05760647811587, -64.7652350197501, -63.60620125552923, -67.21557451804252, -67.05638503028798, -66.4960468942495, -68.47042709760956, -68.34020949901672, -67.82760462118226 | -1.2295321777419008
-64.7652350197501, -63.60620125552923, -60.89169976288659, -67.05638503028798, -66.4960468942495, -65.2766983918402, -68.34020949901672, -67.82760462118226, -66.90547016434955 | -1.4678576059230493
-63.60620125552923, -60.89169976288659, -56.664992896581566, -66.4960468942495, -65.2766983918402, -62.26011313590672, -67.82760462118226, -66.90547016434955, -65.29044824043011 | -1.27583022449733
-60.89169976288659, -56.664992896581566, -51.801535534803286, -65.2766983918402, -62.26011313590672, -56.66075456609441, -66.90547016434955, -65.29044824043011, -60.90680284615384 | -0.7601412615762972
-56.664992896581566, -51.801535534803286, -46.17931704473684, -62.26011313590672, -56.66075456609441, -50.34657095053306, -65.29044824043011, -60.90680284615384, -53.70141578738513 | -1.2482396815063077
-51.801535534803286, -46.17931704473684, -39.85259158570821, -56.66075456609441, -50.34657095053306, -43.17228084519351, -60.90680284615384, -53.70141578738513, -45.64002004418985 | -1.2173940534178886
-46.17931704473684, -39.85259158570821, -32.6946225140187, -50.34657095053306, -43.17228084519351, -35.12812929394813, -53.70141578738513, -45.64002004418985, -36.54819918983851 | -0.7002933226239667
-39.85259158570821, -32.6946225140187, -24.6359488405261, -43.17228084519351, -35.12812929394813, -26.011624786820168, -45.64002004418985, -36.54819918983851, -26.221091735608557 | 0.01492845485778
-32.6946225140187, -24.6359488405261, -15.519529059308722, -35.12812929394813, -26.011624786820168, -15.742001712114988, -36.54819918983851, -26.221091735608557, -15.779473261435166 | 0.4951757180099826
-24.6359488405261, -15.519529059308722, -5.195149294975689, -26.011624786820168, -15.742001712114988, -5.198724673519737, -26.221091735608557, -15.779473261435166, -5.213662130864198 | -0.0678188067826872
-12.242144039142977, -22.72423588879837, -32.979552300813005, -12.263368580631925, -22.53915044624325, -33.09588813398295, -11.917437159772913, -22.264779057096906, -32.60116364357632 | 1.100239096131513
-22.72423588879837, -32.979552300813005, -42.03662710036276, -22.53915044624325, -33.09588813398295, -43.462799920292646, -22.264779057096906, -32.60116364357632, -43.42990876541233 | 1.1681846232230082
-32.979552300813005, -42.03662710036276, -49.83583004154303, -33.09588813398295, -43.462799920292646, -52.53900730312881, -32.60116364357632, -43.42990876541233, -53.93156067635951 | 1.0760303506526614
-42.03662710036276, -49.83583004154303, -56.591456757252566, -43.462799920292646, -52.53900730312881, -60.398493610443424, -43.42990876541233, -53.93156067635951, -62.66859363082851 | 0.7554767199871804
-49.83583004154303, -56.591456757252566, -62.43631574541005, -52.53900730312881, -60.398493610443424, -65.15886455390492, -53.93156067635951, -62.66859363082851, -66.2067089598662 | 0.5362503517053184
-56.591456757252566, -62.43631574541005, -65.39522600393701, -60.398493610443424, -65.15886455390492, -66.76241812536728, -62.66859363082851, -66.2067089598662, -67.5375201000991 | -0.6162216280617404
-62.43631574541005, -65.39522600393701, -66.51130329966004, -65.15886455390492, -66.76241812536728, -67.70062342624567, -66.2067089598662, -67.5375201000991, -68.49040132400589 | -1.1447876283053418
-65.39522600393701, -66.51130329966004, -67.05479147123016, -66.76241812536728, -67.70062342624567, -68.26542267514677, -67.5375201000991, -68.49040132400589, -69.09728341053678 | -0.7599497683116815
-66.51130329966004, -67.05479147123016, -67.21557451804252, -67.70062342624567, -68.26542267514677, -68.47042709760956, -68.49040132400589, -69.09728341053678, -69.3464130931397 | -0.4521974495206668
-67.05479147123016, -67.21557451804252, -67.05638503028798, -68.26542267514677, -68.47042709760956, -68.34020949901672, -69.09728341053678, -69.3464130931397, -69.24011126703405 | -0.3045582134366257
-67.21557451804252, -67.05638503028798, -66.4960468942495, -68.47042709760956, -68.34020949901672, -67.82760462118226, -69.3464130931397, -69.24011126703405, -68.7532162233153 | -0.3309484120120304
-67.05638503028798, -66.4960468942495, -65.2766983918402, -68.34020949901672, -67.82760462118226, -66.90547016434955, -69.24011126703405, -68.7532162233153, -67.84291206212426 | -0.837011303380003
-66.4960468942495, -65.2766983918402, -62.26011313590672, -67.82760462118226, -66.90547016434955, -65.29044824043011, -68.7532162233153, -67.84291206212426, -66.50868213378575 | -1.5629886366302714
-65.2766983918402, -62.26011313590672, -56.66075456609441, -66.90547016434955, -65.29044824043011, -60.90680284615384, -67.84291206212426, -66.50868213378575, -63.6208417035573 | -1.3606682568351698
-62.26011313590672, -56.66075456609441, -50.34657095053306, -65.29044824043011, -60.90680284615384, -53.70141578738513, -66.50868213378575, -63.6208417035573, -56.14710572395622 | -0.6503348887313337
-56.66075456609441, -50.34657095053306, -43.17228084519351, -60.90680284615384, -53.70141578738513, -45.64002004418985, -63.6208417035573, -56.14710572395622, -46.99209776790607 | -0.4540091986653415
-50.34657095053306, -43.17228084519351, -35.12812929394813, -53.70141578738513, -45.64002004418985, -36.54819918983851, -56.14710572395622, -46.99209776790607, -36.80710600824063 | 0.2446065345273875
-43.17228084519351, -35.12812929394813, -26.011624786820168, -45.64002004418985, -36.54819918983851, -26.221091735608557, -46.99209776790607, -36.80710600824063, -26.24685166190076 | 0.8925344822009177
-35.12812929394813, -26.011624786820168, -15.742001712114988, -36.54819918983851, -26.221091735608557, -15.779473261435166, -36.80710600824063, -26.24685166190076, -15.767610306004144 | 0.9078513237739436
-26.011624786820168, -15.742001712114988, -5.198724673519737, -26.221091735608557, -15.779473261435166, -5.213662130864198, -26.24685166190076, -15.767610306004144, -5.177075782161941 | 0.2538176045150461
-12.263368580631925, -22.53915044624325, -33.09588813398295, -11.917437159772913, -22.264779057096906, -32.60116364357632, -11.095964292426082, -21.18014703712672, -31.83624764724661 | 0.8469504864940404
-22.53915044624325, -33.09588813398295, -43.462799920292646, -22.264779057096906, -32.60116364357632, -43.42990876541233, -21.18014703712672, -31.83624764724661, -42.49350388924558 | 0.7982324736223265
-33.09588813398295, -43.462799920292646, -52.53900730312881, -32.60116364357632, -43.42990876541233, -53.93156067635951, -31.83624764724661, -42.49350388924558, -53.63114693737919 | 0.9635040575658746
-43.462799920292646, -52.53900730312881, -60.398493610443424, -43.42990876541233, -53.93156067635951, -62.66859363082851, -42.49350388924558, -53.63114693737919, -63.15259285826183 | 1.1272452878027597
-52.53900730312881, -60.398493610443424, -65.15886455390492, -53.93156067635951, -62.66859363082851, -66.2067089598662, -53.63114693737919, -63.15259285826183, -66.59081345696015 | 0.7418948371732074
-60.398493610443424, -65.15886455390492, -66.76241812536728, -62.66859363082851, -66.2067089598662, -67.5375201000991, -63.15259285826183, -66.59081345696015, -67.94376925158768 | -0.8991347221145212
-65.15886455390492, -66.76241812536728, -67.70062342624567, -66.2067089598662, -67.5375201000991, -68.49040132400589, -66.59081345696015, -67.94376925158768, -68.92966945247525 | -0.7727053880419461
-66.76241812536728, -67.70062342624567, -68.26542267514677, -67.5375201000991, -68.49040132400589, -69.09728341053678, -67.94376925158768, -68.92966945247525, -69.55348881197007 | -0.3669999366794877
-67.70062342624567, -68.26542267514677, -68.47042709760956, -68.49040132400589, -69.09728341053678, -69.3464130931397, -68.92966945247525, -69.55348881197007, -69.83586224355159 | -0.0751479252716155
-68.26542267514677, -68.47042709760956, -68.34020949901672, -69.09728341053678, -69.3464130931397, -69.24011126703405, -69.55348881197007, -69.83586224355159, -69.758662863388 | 0.1395381280389657
-68.47042709760956, -68.34020949901672, -67.82760462118226, -69.3464130931397, -69.24011126703405, -68.7532162233153, -69.83586224355159, -69.758662863388, -69.27067816549649 | 0.221708537281218
-68.34020949901672, -67.82760462118226, -66.90547016434955, -69.24011126703405, -68.7532162233153, -67.84291206212426, -69.758662863388, -69.27067816549649, -68.37148377536946 | -0.1483195638135356
-67.82760462118226, -66.90547016434955, -65.29044824043011, -68.7532162233153, -67.84291206212426, -66.50868213378575, -69.27067816549649, -68.37148377536946, -67.08538633152442 | -1.0048240877883017
-66.90547016434955, -65.29044824043011, -60.90680284615384, -67.84291206212426, -66.50868213378575, -63.6208417035573, -68.37148377536946, -67.08538633152442, -64.76557914764018 | -1.67521722589645
-65.29044824043011, -60.90680284615384, -53.70141578738513, -66.50868213378575, -63.6208417035573, -56.14710572395622, -67.08538633152442, -64.76557914764018, -57.56204561180125 | -0.497546249105245
-60.90680284615384, -53.70141578738513, -45.64002004418985, -63.6208417035573, -56.14710572395622, -46.99209776790607, -64.76557914764018, -57.56204561180125, -47.30739088527258 | 0.6210116048652932
-53.70141578738513, -45.64002004418985, -36.54819918983851, -56.14710572395622, -46.99209776790607, -36.80710600824063, -57.56204561180125, -47.30739088527258, -36.74617555852843 | 1.3956170438489783
-45.64002004418985, -36.54819918983851, -26.221091735608557, -46.99209776790607, -36.80710600824063, -26.24685166190076, -47.30739088527258, -36.74617555852843, -26.236697564926928 | 1.6608716936239627
-36.54819918983851, -26.221091735608557, -15.779473261435166, -36.80710600824063, -26.24685166190076, -15.767610306004144, -36.74617555852843, -26.236697564926928, -15.728069342072413 | 1.4471480254521345
-26.221091735608557, -15.779473261435166, -5.213662130864198, -26.24685166190076, -15.767610306004144, -5.177075782161941, -26.236697564926928, -15.728069342072413, -5.230525600824743 | 0.483187740840335
-11.917437159772913, -22.264779057096906, -32.60116364357632, -11.095964292426082, -21.18014703712672, -31.83624764724661, -10.024449726180611, -19.223954138985675, -29.9667553250591 | 0.3782886719795741
-22.264779057096906, -32.60116364357632, -43.42990876541233, -21.18014703712672, -31.83624764724661, -42.49350388924558, -19.223954138985675, -29.9667553250591, -40.83492580265729 | 0.6100114635726396
-32.60116364357632, -43.42990876541233, -53.93156067635951, -31.83624764724661, -42.49350388924558, -53.63114693737919, -29.9667553250591, -40.83492580265729, -51.80377136965729 | 0.7207558059321254
-43.42990876541233, -53.93156067635951, -62.66859363082851, -42.49350388924558, -53.63114693737919, -63.15259285826183, -40.83492580265729, -51.80377136965729, -62.148668509110784 | 1.1883631875737235
-53.93156067635951, -62.66859363082851, -66.2067089598662, -53.63114693737919, -63.15259285826183, -66.59081345696015, -51.80377136965729, -62.148668509110784, -66.43846499814386 | 0.8125377803314666
-62.66859363082851, -66.2067089598662, -67.5375201000991, -63.15259285826183, -66.59081345696015, -67.94376925158768, -62.148668509110784, -66.43846499814386, -67.90013230149255 | -0.8202413552582649
-66.2067089598662, -67.5375201000991, -68.49040132400589, -66.59081345696015, -67.94376925158768, -68.92966945247525, -66.43846499814386, -67.90013230149255, -68.94639544223108 | -0.5273912519909667
-67.5375201000991, -68.49040132400589, -69.09728341053678, -67.94376925158768, -68.92966945247525, -69.55348881197007, -67.90013230149255, -68.94639544223108, -69.61823665572139 | -0.2009170321428454
-68.49040132400589, -69.09728341053678, -69.3464130931397, -68.92966945247525, -69.55348881197007, -69.83586224355159, -68.94639544223108, -69.61823665572139, -69.93675302652652 | 0.0637782200424689
-69.09728341053678, -69.3464130931397, -69.24011126703405, -69.55348881197007, -69.83586224355159, -69.758662863388, -69.61823665572139, -69.93675302652652, -69.88105393860512 | 0.3505396116296367
-69.3464130931397, -69.24011126703405, -68.7532162233153, -69.83586224355159, -69.758662863388, -69.27067816549649, -69.93675302652652, -69.88105393860512, -69.41370110884692 | 0.47785973675202
-69.24011126703405, -68.7532162233153, -67.84291206212426, -69.758662863388, -69.27067816549649, -68.37148377536946, -69.88105393860512, -69.41370110884692, -68.53821511495983 | 0.15973650739293
-68.7532162233153, -67.84291206212426, -66.50868213378575, -69.27067816549649, -68.37148377536946, -67.08538633152442, -69.41370110884692, -68.53821511495983, -67.26250919572777 | -0.5874099613453132
-67.84291206212426, -66.50868213378575, -63.6208417035573, -68.37148377536946, -67.08538633152442, -64.76557914764018, -68.53821511495983, -67.26250919572777, -65.04944187639984 | -1.5377512169930474
-66.50868213378575, -63.6208417035573, -56.14710572395622, -67.08538633152442, -64.76557914764018, -57.56204561180125, -67.26250919572777, -65.04944187639984, -57.9324194764683 | -0.3663577386650608
-63.6208417035573, -56.14710572395622, -46.99209776790607, -64.76557914764018, -57.56204561180125, -47.30739088527258, -65.04944187639984, -57.9324194764683, -47.26964634137213 | 2.0981052981530963
-56.14710572395622, -46.99209776790607, -36.80710600824063, -57.56204561180125, -47.30739088527258, -36.74617555852843, -57.9324194764683, -47.26964634137213, -36.745066430820216 | 2.8200392381120154
-46.99209776790607, -36.80710600824063, -26.24685166190076, -47.30739088527258, -36.74617555852843, -26.236697564926928, -47.26964634137213, -36.745066430820216, -26.209376663324974 | 2.681507619415599
-36.80710600824063, -26.24685166190076, -15.767610306004144, -36.74617555852843, -26.236697564926928, -15.728069342072413, -36.745066430820216, -26.209376663324974, -15.73540063382046 | 2.0606748152974914
-26.24685166190076, -15.767610306004144, -5.177075782161941, -26.236697564926928, -15.728069342072413, -5.230525600824743, -26.209376663324974, -15.73540063382046, -5.230870167350287 | 0.6860388676164239
-11.095964292426082, -21.18014703712672, -31.83624764724661, -10.024449726180611, -19.223954138985675, -29.9667553250591, -8.867118279099959, -16.742094058184637, -27.028399130250484 | -0.1986785885616324
-21.18014703712672, -31.83624764724661, -42.49350388924558, -19.223954138985675, -29.9667553250591, -40.83492580265729, -16.742094058184637, -27.028399130250484, -37.80999583980023 | 0.3440260444610646
-31.83624764724661, -42.49350388924558, -53.63114693737919, -29.9667553250591, -40.83492580265729, -51.80377136965729, -27.028399130250484, -37.80999583980023, -48.73573281283423 | 0.7025547260145495
-42.49350388924558, -53.63114693737919, -63.15259285826183, -40.83492580265729, -51.80377136965729, -62.148668509110784, -37.80999583980023, -48.73573281283423, -59.65991648569359 | 1.1737615518578606
-53.63114693737919, -63.15259285826183, -66.59081345696015, -51.80377136965729, -62.148668509110784, -66.43846499814386, -48.73573281283423, -59.65991648569359, -65.65044439822259 | 1.20165669811777
-63.15259285826183, -66.59081345696015, -67.94376925158768, -62.148668509110784, -66.43846499814386, -67.90013230149255, -59.65991648569359, -65.65044439822259, -67.43489524741253 | -0.6507561647440026
-66.59081345696015, -67.94376925158768, -68.92966945247525, -66.43846499814386, -67.90013230149255, -68.94639544223108, -65.65044439822259, -67.43489524741253, -68.53025170348258 | -0.5688832111488773
-67.94376925158768, -68.92966945247525, -69.55348881197007, -67.90013230149255, -68.94639544223108, -69.61823665572139, -67.43489524741253, -68.53025170348258, -69.2644087885889 | -0.1996634174014147
-68.92966945247525, -69.55348881197007, -69.83586224355159, -68.94639544223108, -69.61823665572139, -69.93675302652652, -68.53025170348258, -69.2644087885889, -69.65431364207377 | 0.1248045078115236
-69.55348881197007, -69.83586224355159, -69.758662863388, -69.61823665572139, -69.93675302652652, -69.88105393860512, -69.2644087885889, -69.65431364207377, -69.66879903585658 | 0.4346711331678352
-69.83586224355159, -69.758662863388, -69.27067816549649, -69.93675302652652, -69.88105393860512, -69.41370110884692, -69.65431364207377, -69.66879903585658, -69.27031342183624 | 0.5748744523855389
-69.758662863388, -69.27067816549649, -68.37148377536946, -69.88105393860512, -69.41370110884692, -68.53821511495983, -69.66879903585658, -69.27031342183624, -68.45530637127237 | 0.2496705971425098
-69.27067816549649, -68.37148377536946, -67.08538633152442, -69.41370110884692, -68.53821511495983, -67.26250919572777, -69.27031342183624, -68.45530637127237, -67.21999356857978 | -0.4544948327944497
-68.37148377536946, -67.08538633152442, -64.76557914764018, -68.53821511495983, -67.26250919572777, -65.04944187639984, -68.45530637127237, -67.21999356857978, -65.0339256629492 | -1.4230023827956189
-67.08538633152442, -64.76557914764018, -57.56204561180125, -67.26250919572777, -65.04944187639984, -57.9324194764683, -67.21999356857978, -65.0339256629492, -57.94261752488153 | -0.0789517634031257
-64.76557914764018, -57.56204561180125, -47.30739088527258, -65.04944187639984, -57.9324194764683, -47.26964634137213, -65.0339256629492, -57.94261752488153, -47.26842077893423 | 3.3699135141585748
-57.56204561180125, -47.30739088527258, -36.74617555852843, -57.9324194764683, -47.26964634137213, -36.745066430820216, -57.94261752488153, -47.26842077893423, -36.71924762479271 | 3.9788458817605528
-47.30739088527258, -36.74617555852843, -26.236697564926928, -47.26964634137213, -36.745066430820216, -26.209376663324974, -47.26842077893423, -36.71924762479271, -26.26789112834448 | 3.5566235058892115
-36.74617555852843, -26.236697564926928, -15.728069342072413, -36.745066430820216, -26.209376663324974, -15.73540063382046, -36.71924762479271, -26.26789112834448, -15.758304036640594 | 2.5520190655737136
-26.236697564926928, -15.728069342072413, -5.230525600824743, -26.209376663324974, -15.73540063382046, -5.230870167350287, -26.26789112834448, -15.758304036640594, -5.208379764874847 | 0.9333417248775946
-10.024449726180611, -19.223954138985675, -29.9667553250591, -8.867118279099959, -16.742094058184637, -27.028399130250484, -7.777795953159523, -14.267268847063622, -22.907179765731616 | -0.7527227239277946
-19.223954138985675, -29.9667553250591, -40.83492580265729, -16.742094058184637, -27.028399130250484, -37.80999583980023, -14.267268847063622, -22.907179765731616, -33.59920864052288 | 0.0340824169315477
-29.9667553250591, -40.83492580265729, -51.80377136965729, -27.028399130250484, -37.80999583980023, -48.73573281283423, -22.907179765731616, -33.59920864052288, -44.234426071241096 | 0.602656121774273
-40.83492580265729, -51.80377136965729, -62.148668509110784, -37.80999583980023, -48.73573281283423, -59.65991648569359, -33.59920864052288, -44.234426071241096, -55.01704033395943 | 1.133872440266052
-51.80377136965729, -62.148668509110784, -66.43846499814386, -48.73573281283423, -59.65991648569359, -65.65044439822259, -44.234426071241096, -55.01704033395943, -63.43723543604866 | 1.65314064623953
-62.148668509110784, -66.43846499814386, -67.90013230149255, -59.65991648569359, -65.65044439822259, -67.43489524741253, -55.01704033395943, -63.43723543604866, -66.53610002335557 | -0.0825184333590928
-66.43846499814386, -67.90013230149255, -68.94639544223108, -65.65044439822259, -67.43489524741253, -68.53025170348258, -63.43723543604866, -66.53610002335557, -67.74838199109352 | -0.7182502342563233
-67.90013230149255, -68.94639544223108, -69.61823665572139, -67.43489524741253, -68.53025170348258, -69.2644087885889, -66.53610002335557, -67.74838199109352, -68.5408762347091 | -0.2761336133084968
-68.94639544223108, -69.61823665572139, -69.93675302652652, -68.53025170348258, -69.2644087885889, -69.65431364207377, -67.74838199109352, -68.5408762347091, -68.9878390900901 | 0.1013726744891699
-69.61823665572139, -69.93675302652652, -69.88105393860512, -69.2644087885889, -69.65431364207377, -69.66879903585658, -68.5408762347091, -68.9878390900901, -69.06358896704943 | 0.4718959422952401
-69.93675302652652, -69.88105393860512, -69.41370110884692, -69.65431364207377, -69.66879903585658, -69.27031342183624, -68.9878390900901, -69.06358896704943, -68.7402307695351 | 0.6337739847861221
-69.88105393860512, -69.41370110884692, -68.53821511495983, -69.66879903585658, -69.27031342183624, -68.45530637127237, -69.06358896704943, -68.7402307695351, -68.0085556004016 | 0.309031722269393
-69.41370110884692, -68.53821511495983, -67.26250919572777, -69.27031342183624, -68.45530637127237, -67.21999356857978, -68.7402307695351, -68.0085556004016, -66.84973830045067 | -0.4156363754573692
-68.53821511495983, -67.26250919572777, -65.04944187639984, -68.45530637127237, -67.21999356857978, -65.0339256629492, -68.0085556004016, -66.84973830045067, -64.62920672017793 | -1.357443498406942
-67.26250919572777, -65.04944187639984, -57.9324194764683, -67.21999356857978, -65.0339256629492, -57.94261752488153, -66.84973830045067, -64.62920672017793, -57.48685764293915 | -0.0408577351031309
-65.04944187639984, -57.9324194764683, -47.26964634137213, -65.0339256629492, -57.94261752488153, -47.26842077893423, -64.62920672017793, -57.48685764293915, -47.32423870201397 | 3.4510475700621748
-57.9324194764683, -47.26964634137213, -36.745066430820216, -57.94261752488153, -47.26842077893423, -36.71924762479271, -57.48685764293915, -47.32423870201397, -36.7487548563147 | 4.10700362998762
-47.26964634137213, -36.745066430820216, -26.209376663324974, -47.26842077893423, -36.71924762479271, -26.26789112834448, -47.32423870201397, -36.7487548563147, -26.2386574092219 | 3.729341983371438
-36.745066430820216, -26.209376663324974, -15.73540063382046, -36.71924762479271, -26.26789112834448, -15.758304036640594, -36.7487548563147, -26.2386574092219, -15.770602253687317 | 2.788469124416482
-26.209376663324974, -15.73540063382046, -5.230870167350287, -26.26789112834448, -15.758304036640594, -5.208379764874847, -26.2386574092219, -15.770602253687317, -5.1740955117235705 | 1.1140853728944176
-8.867118279099959, -16.742094058184637, -27.028399130250484, -7.777795953159523, -14.267268847063622, -22.907179765731616, -6.863685125452899, -12.141128495456512, -18.7708042566474 | -1.0969581931618055
-16.742094058184637, -27.028399130250484, -37.80999583980023, -14.267268847063622, -22.907179765731616, -33.59920864052288, -12.141128495456512, -18.7708042566474, -28.151389406485677 | -0.670503715562748
-27.028399130250484, -37.80999583980023, -48.73573281283423, -22.907179765731616, -33.59920864052288, -44.234426071241096, -18.7708042566474, -28.151389406485677, -38.43209809438969 | 0.4826061207147137
-37.80999583980023, -48.73573281283423, -59.65991648569359, -33.59920864052288, -44.234426071241096, -55.01704033395943, -28.151389406485677, -38.43209809438969, -48.58343202110022 | 1.0664873184076964
-48.73573281283423, -59.65991648569359, -65.65044439822259, -44.234426071241096, -55.01704033395943, -63.43723543604866, -38.43209809438969, -48.58343202110022, -58.27156074830175 | 1.6780177296970809
-59.65991648569359, -65.65044439822259, -67.43489524741253, -55.01704033395943, -63.43723543604866, -66.53610002335557, -48.58343202110022, -58.27156074830175, -64.36689613382183 | 1.032059712368575
-65.65044439822259, -67.43489524741253, -68.53025170348258, -63.43723543604866, -66.53610002335557, -67.74838199109352, -58.27156074830175, -64.36689613382183, -66.53472552979822 | -0.6193735419413271
-67.43489524741253, -68.53025170348258, -69.2644087885889, -66.53610002335557, -67.74838199109352, -68.5408762347091, -64.36689613382183, -66.53472552979822, -67.43916301990049 | -0.5301245744613767
-68.53025170348258, -69.2644087885889, -69.65431364207377, -67.74838199109352, -68.5408762347091, -68.9878390900901, -66.53472552979822, -67.43916301990049, -67.9269313389328 | -0.0290644452430829
-69.2644087885889, -69.65431364207377, -69.66879903585658, -68.5408762347091, -68.9878390900901, -69.06358896704943, -67.43916301990049, -67.9269313389328, -68.06996073510587 | 0.4036094704060178
-69.65431364207377, -69.66879903585658, -69.27031342183624, -68.9878390900901, -69.06358896704943, -68.7402307695351, -67.9269313389328, -68.06996073510587, -67.81397690737052 | 0.5551300546678329
-69.66879903585658, -69.27031342183624, -68.45530637127237, -69.06358896704943, -68.7402307695351, -68.0085556004016, -68.06996073510587, -67.81397690737052, -67.14923910822723 | 0.2100434989238513
-69.27031342183624, -68.45530637127237, -67.21999356857978, -68.7402307695351, -68.0085556004016, -66.84973830045067, -67.81397690737052, -67.14923910822723, -66.00094786147389 | -0.5419108072474355
-68.45530637127237, -67.21999356857978, -65.0339256629492, -68.0085556004016, -66.84973830045067, -64.62920672017793, -67.14923910822723, -66.00094786147389, -62.97348135655577 | -1.3905599971099136
-67.21999356857978, -65.0339256629492, -57.94261752488153, -66.84973830045067, -64.62920672017793, -57.48685764293915, -66.00094786147389, -62.97348135655577, -55.722374123770486 | -0.2215000554768116
-65.0339256629492, -57.94261752488153, -47.26842077893423, -64.62920672017793, -57.48685764293915, -47.32423870201397, -62.97348135655577, -55.722374123770486, -46.93492498390263 | 2.24855513895161
-57.94261752488153, -47.26842077893423, -36.71924762479271, -57.48685764293915, -47.32423870201397, -36.7487548563147, -55.722374123770486, -46.93492498390263, -36.7538634670487 | 3.1453080303599226
-47.26842077893423, -36.71924762479271, -26.26789112834448, -47.32423870201397, -36.7487548563147, -26.2386574092219, -46.93492498390263, -36.7538634670487, -26.2531230821236 | 3.1391680553132897
-36.71924762479271, -26.26789112834448, -15.758304036640594, -36.7487548563147, -26.2386574092219, -15.770602253687317, -36.7538634670487, -26.2531230821236, -15.76264763035343 | 2.5752087472524394
-26.26789112834448, -15.758304036640594, -5.208379764874847, -26.2386574092219, -15.770602253687317, -5.1740955117235705, -26.2531230821236, -15.76264763035343, -5.182746577596741 | 1.190067465117565
-7.777795953159523, -14.267268847063622, -22.907179765731616, -6.863685125452899, -12.141128495456512, -18.7708042566474, -6.082539540037244, -10.513782160493829, -15.22751399173212 | -1.0869925160729477
-14.267268847063622, -22.907179765731616, -33.59920864052288, -12.141128495456512, -18.7708042566474, -28.151389406485677, -10.513782160493829, -15.22751399173212, -22.341909321214395 | -1.2068475784658494
-22.907179765731616, -33.59920864052288, -44.234426071241096, -18.7708042566474, -28.151389406485677, -38.43209809438969, -15.22751399173212, -22.341909321214395, -31.614810491628614 | -0.0820424472697539
-33.59920864052288, -44.234426071241096, -55.01704033395943, -28.151389406485677, -38.43209809438969, -48.58343202110022, -22.341909321214395, -31.614810491628614, -41.11732147606582 | 0.9394230331972562
-44.234426071241096, -55.01704033395943, -63.43723543604866, -38.43209809438969, -48.58343202110022, -58.27156074830175, -31.614810491628614, -41.11732147606582, -50.14594837251221 | 1.4618520048409271
-55.01704033395943, -63.43723543604866, -66.53610002335557, -48.58343202110022, -58.27156074830175, -64.36689613382183, -41.11732147606582, -50.14594837251221, -58.24351090416368 | 1.8080094664259905
-63.43723543604866, -66.53610002335557, -67.74838199109352, -58.27156074830175, -64.36689613382183, -66.53472552979822, -50.14594837251221, -58.24351090416368, -63.39753218908956 | 0.6670725902193542
-66.53610002335557, -67.74838199109352, -68.5408762347091, -64.36689613382183, -66.53472552979822, -67.43916301990049, -58.24351090416368, -63.39753218908956, -65.60035397026337 | -0.5779612174087057
-67.74838199109352, -68.5408762347091, -68.9878390900901, -66.53472552979822, -67.43916301990049, -67.9269313389328, -63.39753218908956, -65.60035397026337, -66.4211471925612 | -0.512097627642279
-68.5408762347091, -68.9878390900901, -69.06358896704943, -67.43916301990049, -67.9269313389328, -68.06996073510587, -65.60035397026337, -66.4211471925612, -66.68169827507303 | -0.0918736387374512
-68.9878390900901, -69.06358896704943, -68.7402307695351, -67.9269313389328, -68.06996073510587, -67.81397690737052, -66.4211471925612, -66.68169827507303, -66.49304229651162 | 0.0727168545670346
-69.06358896704943, -68.7402307695351, -68.0085556004016, -68.06996073510587, -67.81397690737052, -67.14923910822723, -66.68169827507303, -66.49304229651162, -65.79563179431975 | -0.2835361863971282
-68.7402307695351, -68.0085556004016, -66.84973830045067, -67.81397690737052, -67.14923910822723, -66.00094786147389, -66.49304229651162, -65.79563179431975, -63.906313879600006 | -1.0193917985611425
-68.0085556004016, -66.84973830045067, -64.62920672017793, -67.14923910822723, -66.00094786147389, -62.97348135655577, -65.79563179431975, -63.906313879600006, -59.174699183966254 | -1.3912206683113637
-66.84973830045067, -64.62920672017793, -57.48685764293915, -66.00094786147389, -62.97348135655577, -55.722374123770486, -63.906313879600006, -59.174699183966254, -52.72859263670569 | -0.2498930476407959
-64.62920672017793, -57.48685764293915, -47.32423870201397, -62.97348135655577, -55.722374123770486, -46.93492498390263, -59.174699183966254, -52.72859263670569, -45.18997318148747 | 0.7841617381487257
-57.48685764293915, -47.32423870201397, -36.7487548563147, -55.722374123770486, -46.93492498390263, -36.7538634670487, -52.72859263670569, -45.18997318148747, -36.44669687209302 | 1.8469306750064247
-47.32423870201397, -36.7487548563147, -26.2386574092219, -46.93492498390263, -36.7538634670487, -26.2531230821236, -45.18997318148747, -36.44669687209302, -26.26336277347611 | 2.248313696071913
-36.7487548563147, -26.2386574092219, -15.770602253687317, -36.7538634670487, -26.2531230821236, -15.76264763035343, -36.44669687209302, -26.26336277347611, -15.74951895973706 | 2.235340489429696
-26.2386574092219, -15.770602253687317, -5.1740955117235705, -26.2531230821236, -15.76264763035343, -5.182746577596741, -26.26336277347611, -15.74951895973706, -5.218182836378737 | 1.2055390032441
-6.863685125452899, -12.141128495456512, -18.7708042566474, -6.082539540037244, -10.513782160493829, -15.22751399173212, -5.3838866337236535, -9.245287565300286, -12.701445089065256 | -0.7446153628556645
-12.141128495456512, -18.7708042566474, -28.151389406485677, -10.513782160493829, -15.22751399173212, -22.341909321214395, -9.245287565300286, -12.701445089065256, -17.4316082800328 | -1.3979891290179791
-18.7708042566474, -28.151389406485677, -38.43209809438969, -15.22751399173212, -22.341909321214395, -31.614810491628614, -12.701445089065256, -17.4316082800328, -24.272584411329134 | -0.9259807121908716
-28.151389406485677, -38.43209809438969, -48.58343202110022, -22.341909321214395, -31.614810491628614, -41.11732147606582, -17.4316082800328, -24.272584411329134, -32.76756891441442 | 0.4115895919939071
-38.43209809438969, -48.58343202110022, -58.27156074830175, -31.614810491628614, -41.11732147606582, -50.14594837251221, -24.272584411329134, -32.76756891441442, -41.09830482150858 | 1.1772010341033992
-48.58343202110022, -58.27156074830175, -64.36689613382183, -41.11732147606582, -50.14594837251221, -58.24351090416368, -32.76756891441442, -41.09830482150858, -48.56254128672897 | 1.4637847299124929
-58.27156074830175, -64.36689613382183, -66.53472552979822, -50.14594837251221, -58.24351090416368, -63.39753218908956, -41.09830482150858, -48.56254128672897, -54.91572110801904 | 1.6513155043567982
-64.36689613382183, -66.53472552979822, -67.43916301990049, -58.24351090416368, -63.39753218908956, -65.60035397026337, -48.56254128672897, -54.91572110801904, -59.54396335244395 | 0.9090037065615106
-66.53472552979822, -67.43916301990049, -67.9269313389328, -63.39753218908956, -65.60035397026337, -66.4211471925612, -54.91572110801904, -59.54396335244395, -62.0446463939617 | -0.1253732615661047
-67.43916301990049, -67.9269313389328, -68.06996073510587, -65.60035397026337, -66.4211471925612, -66.68169827507303, -59.54396335244395, -62.0446463939617, -63.14317830769231 | -0.5434538159753444
-67.9269313389328, -68.06996073510587, -67.81397690737052, -66.4211471925612, -66.68169827507303, -66.49304229651162, -62.0446463939617, -63.14317830769231, -63.25356740278299 | -0.6500820201295644
-68.06996073510587, -67.81397690737052, -67.14923910822723, -66.68169827507303, -66.49304229651162, -65.79563179431975, -63.14317830769231, -63.25356740278299, -61.881638144747086 | -0.8940020424256129
-67.81397690737052, -67.14923910822723, -66.00094786147389, -66.49304229651162, -65.79563179431975, -63.906313879600006, -63.25356740278299, -61.881638144747086, -58.55967396336843 | -1.085323985298976
-67.14923910822723, -66.00094786147389, -62.97348135655577, -65.79563179431975, -63.906313879600006, -59.174699183966254, -61.881638144747086, -58.55967396336843, -54.07962656400343 | -0.6931263632387136
-66.00094786147389, -62.97348135655577, -55.722374123770486, -63.906313879600006, -59.174699183966254, -52.72859263670569, -58.55967396336843, -54.07962656400343, -48.62374068023749 | -0.611606657141999
-62.97348135655577, -55.722374123770486, -46.93492498390263, -59.174699183966254, -52.72859263670569, -45.18997318148747, -54.07962656400343, -48.62374068023749, -42.15907513246425 | -0.2041421929679348
-55.722374123770486, -46.93492498390263, -36.7538634670487, -52.72859263670569, -45.18997318148747, -36.44669687209302, -48.62374068023749, -42.15907513246425, -34.694816578968904 | 0.6546717221533354
-46.93492498390263, -36.7538634670487, -26.2531230821236, -45.18997318148747, -36.44669687209302, -26.26336277347611, -42.15907513246425, -34.694816578968904, -25.953820183745584 | 1.583402919320143
-36.7538634670487, -26.2531230821236, -15.76264763035343, -36.44669687209302, -26.26336277347611, -15.74951895973706, -34.694816578968904, -25.953820183745584, -15.7954891946533 | 1.8621866376768368
-26.2531230821236, -15.76264763035343, -5.182746577596741, -26.26336277347611, -15.74951895973706, -5.218182836378737, -25.953820183745584, -15.7954891946533, -5.154333958041958 | 1.1197756990081806
-6.082539540037244, -10.513782160493829, -15.22751399173212, -5.3838866337236535, -9.245287565300286, -12.701445089065256, -4.819296614726841, -8.242052439372326, -11.073364944099378 | -0.3457778554150865
-10.513782160493829, -15.22751399173212, -22.341909321214395, -9.245287565300286, -12.701445089065256, -17.4316082800328, -8.242052439372326, -11.073364944099378, -13.92949603127715 | -0.8827728088824635
-15.22751399173212, -22.341909321214395, -31.614810491628614, -12.701445089065256, -17.4316082800328, -24.272584411329134, -11.073364944099378, -13.92949603127715, -18.2193487771011 | -1.4327879222948865
-22.341909321214395, -31.614810491628614, -41.11732147606582, -17.4316082800328, -24.272584411329134, -32.76756891441442, -13.92949603127715, -18.2193487771011, -24.291722240677966 | -0.7713583312186074
-31.614810491628614, -41.11732147606582, -50.14594837251221, -24.272584411329134, -32.76756891441442, -41.09830482150858, -18.2193487771011, -24.291722240677966, -31.543484748868774 | 0.4039827475615881
-41.11732147606582, -50.14594837251221, -58.24351090416368, -32.76756891441442, -41.09830482150858, -48.56254128672897, -24.291722240677966, -31.543484748868774, -38.42264650340651 | 0.8848095833226338
-50.14594837251221, -58.24351090416368, -63.39753218908956, -41.09830482150858, -48.56254128672897, -54.91572110801904, -31.543484748868774, -38.42264650340651, -44.17369338188073 | 0.980155002534742
-58.24351090416368, -63.39753218908956, -65.60035397026337, -48.56254128672897, -54.91572110801904, -59.54396335244395, -38.42264650340651, -44.17369338188073, -48.667783044254655 | 1.169070387690478
-63.39753218908956, -65.60035397026337, -66.4211471925612, -54.91572110801904, -59.54396335244395, -62.0446463939617, -44.17369338188073, -48.667783044254655, -51.67538379430134 | 1.1868220698301888
-65.60035397026337, -66.4211471925612, -66.68169827507303, -59.54396335244395, -62.0446463939617, -63.14317830769231, -48.667783044254655, -51.67538379430134, -53.43524550019432 | 0.8406805584569594
-66.4211471925612, -66.68169827507303, -66.49304229651162, -62.0446463939617, -63.14317830769231, -63.25356740278299, -51.67538379430134, -53.43524550019432, -54.16625747816003 | 0.5558701929817883
-66.68169827507303, -66.49304229651162, -65.79563179431975, -63.14317830769231, -63.25356740278299, -61.881638144747086, -53.43524550019432, -54.16625747816003, -53.57643008493905 | 0.4367246975028993
-66.49304229651162, -65.79563179431975, -63.906313879600006, -63.25356740278299, -61.881638144747086, -58.55967396336843, -54.16625747816003, -53.57643008493905, -51.43090795507008 | 0.3317951192464781
-65.79563179431975, -63.906313879600006, -59.174699183966254, -61.881638144747086, -58.55967396336843, -54.07962656400343, -53.57643008493905, -51.43090795507008, -48.026049540041925 | -0.288140675612318
-63.906313879600006, -59.174699183966254, -52.72859263670569, -58.55967396336843, -54.07962656400343, -48.62374068023749, -51.43090795507008, -48.026049540041925, -43.54883047350427 | -0.8808739158027427
-59.174699183966254, -52.72859263670569, -45.18997318148747, -54.07962656400343, -48.62374068023749, -42.15907513246425, -48.026049540041925, -43.54883047350427, -38.11323031670823 | -0.885986426736244
-52.72859263670569, -45.18997318148747, -36.44669687209302, -48.62374068023749, -42.15907513246425, -34.694816578968904, -43.54883047350427, -38.11323031670823, -31.66471603540956 | -0.2909940895514663
-45.18997318148747, -36.44669687209302, -26.26336277347611, -42.15907513246425, -34.694816578968904, -25.953820183745584, -38.11323031670823, -31.66471603540956, -24.21943365760649 | 0.6585856307639266
-36.44669687209302, -26.26336277347611, -15.74951895973706, -34.694816578968904, -25.953820183745584, -15.7954891946533, -31.66471603540956, -24.21943365760649, -15.499347348133597 | 1.3968674671688657
-26.26336277347611, -15.74951895973706, -5.218182836378737, -25.953820183745584, -15.7954891946533, -5.154333958041958, -24.21943365760649, -15.499347348133597, -5.220001310004117 | 0.8917235523838614
-5.3838866337236535, -9.245287565300286, -12.701445089065256, -4.819296614726841, -8.242052439372326, -11.073364944099378, -4.306090026647286, -7.331310250117537, -9.721781467576792 | -0.0446438513435247
-9.245287565300286, -12.701445089065256, -17.4316082800328, -8.242052439372326, -11.073364944099378, -13.92949603127715, -7.331310250117537, -9.721781467576792, -11.695859078608862 | 0.1919335446553262
-12.701445089065256, -17.4316082800328, -24.272584411329134, -11.073364944099378, -13.92949603127715, -18.2193487771011, -9.721781467576792, -11.695859078608862, -13.960192405452185 | -0.9767293226432544
-17.4316082800328, -24.272584411329134, -32.76756891441442, -13.92949603127715, -18.2193487771011, -24.291722240677966, -11.695859078608862, -13.960192405452185, -17.44419019324269 | -1.4453907832483488
-24.272584411329134, -32.76756891441442, -41.09830482150858, -18.2193487771011, -24.291722240677966, -31.543484748868774, -13.960192405452185, -17.44419019324269, -22.31736577590722 | -0.8892523880217089
-32.76756891441442, -41.09830482150858, -48.56254128672897, -24.291722240677966, -31.543484748868774, -38.42264650340651, -17.44419019324269, -22.31736577590722, -28.140922891561654 | -0.0303698423894531
-41.09830482150858, -48.56254128672897, -54.91572110801904, -31.543484748868774, -38.42264650340651, -44.17369338188073, -22.31736577590722, -28.140922891561654, -33.58005863670983 | 0.2883281318230384
-48.56254128672897, -54.91572110801904, -59.54396335244395, -38.42264650340651, -44.17369338188073, -48.667783044254655, -28.140922891561654, -33.58005863670983, -37.772021913536776 | 0.3198127630004135
-54.91572110801904, -59.54396335244395, -62.0446463939617, -44.17369338188073, -48.667783044254655, -51.67538379430134, -33.58005863670983, -37.772021913536776, -40.72825381126872 | 0.421464876079741
-59.54396335244395, -62.0446463939617, -63.14317830769231, -48.667783044254655, -51.67538379430134, -53.43524550019432, -37.772021913536776, -40.72825381126872, -42.483195210906175 | 0.5942180604728378
-62.0446463939617, -63.14317830769231, -63.25356740278299, -51.67538379430134, -53.43524550019432, -54.16625747816003, -40.72825381126872, -42.483195210906175, -43.31445412747075 | 0.8611605407940113
-63.14317830769231, -63.25356740278299, -61.881638144747086, -53.43524550019432, -54.16625747816003, -53.57643008493905, -42.483195210906175, -43.31445412747075, -43.76551751583531 | 1.031670556304472
-63.25356740278299, -61.881638144747086, -58.55967396336843, -54.16625747816003, -53.57643008493905, -51.43090795507008, -43.31445412747075, -43.76551751583531, -43.08804610211268 | 0.8543674477216676
-61.881638144747086, -58.55967396336843, -54.07962656400343, -53.57643008493905, -51.43090795507008, -48.026049540041925, -43.76551751583531, -43.08804610211268, -40.93311069385246 | 0.1657183222759518
-58.55967396336843, -54.07962656400343, -48.62374068023749, -51.43090795507008, -48.026049540041925, -43.54883047350427, -43.08804610211268, -40.93311069385246, -37.54525638406709 | -0.6503887365361224
-54.07962656400343, -48.62374068023749, -42.15907513246425, -48.026049540041925, -43.54883047350427, -38.11323031670823, -40.93311069385246, -37.54525638406709, -33.05094650322027 | -1.1311654009525876
-48.62374068023749, -42.15907513246425, -34.694816578968904, -43.54883047350427, -38.11323031670823, -31.66471603540956, -37.54525638406709, -33.05094650322027, -27.60802291584793 | -0.9524958053272592
-42.15907513246425, -34.694816578968904, -25.953820183745584, -38.11323031670823, -31.66471603540956, -24.21943365760649, -33.05094650322027, -27.60802291584793, -21.221948424979043 | -0.3930267804380004
-34.694816578968904, -25.953820183745584, -15.7954891946533, -31.66471603540956, -24.21943365760649, -15.499347348133597, -27.60802291584793, -21.221948424979043, -13.815190800813008 | 0.3331229445378977
-25.953820183745584, -15.7954891946533, -5.154333958041958, -24.21943365760649, -15.499347348133597, -5.220001310004117, -21.221948424979043, -13.815190800813008, -4.937208182874855 | 0.3923558890717855
-4.819296614726841, -8.242052439372326, -11.073364944099378, -4.306090026647286, -7.331310250117537, -9.721781467576792, -3.765616448699764, -6.238285077697842, -8.180627031568724 | -0.0103284869652868
-8.242052439372326, -11.073364944099378, -13.92949603127715, -7.331310250117537, -9.721781467576792, -11.695859078608862, -6.238285077697842, -8.180627031568724, -9.768331987916868 | 1.0984614076498949
-11.073364944099378, -13.92949603127715, -18.2193487771011, -9.721781467576792, -11.695859078608862, -13.960192405452185, -8.180627031568724, -9.768331987916868, -11.167468303520456 | 0.4452119169366062
-13.92949603127715, -18.2193487771011, -24.291722240677966, -11.695859078608862, -13.960192405452185, -17.44419019324269, -9.768331987916868, -11.167468303520456, -12.7730815042054 | -0.870840525787382
-18.2193487771011, -24.291722240677966, -31.543484748868774, -13.960192405452185, -17.44419019324269, -22.31736577590722, -11.167468303520456, -12.7730815042054, -15.28870521307506 | -1.391605656720792
-24.291722240677966, -31.543484748868774, -38.42264650340651, -17.44419019324269, -22.31736577590722, -28.140922891561654, -12.7730815042054, -15.28870521307506, -18.80247046340524 | -1.083043605701283
-31.543484748868774, -38.42264650340651, -44.17369338188073, -22.31736577590722, -28.140922891561654, -33.58005863670983, -15.28870521307506, -18.80247046340524, -22.91499790011525 | -0.434697382929509
-38.42264650340651, -44.17369338188073, -48.667783044254655, -28.140922891561654, -33.58005863670983, -37.772021913536776, -18.80247046340524, -22.91499790011525, -26.963641284603423 | -0.0478170479056379
-44.17369338188073, -48.667783044254655, -51.67538379430134, -33.58005863670983, -37.772021913536776, -40.72825381126872, -22.91499790011525, -26.963641284603423, -29.943549618713448 | 0.0766144190601467
-48.667783044254655, -51.67538379430134, -53.43524550019432, -37.772021913536776, -40.72825381126872, -42.483195210906175, -26.963641284603423, -29.943549618713448, -31.78869435740072 | 0.2599148457469918
-51.67538379430134, -53.43524550019432, -54.16625747816003, -40.72825381126872, -42.483195210906175, -43.31445412747075, -29.943549618713448, -31.78869435740072, -32.5899319889208 | 0.5893062462301913
-53.43524550019432, -54.16625747816003, -53.57643008493905, -42.483195210906175, -43.31445412747075, -43.76551751583531, -31.78869435740072, -32.5899319889208, -33.060624814632135 | 1.0121011241307822
-54.16625747816003, -53.57643008493905, -51.43090795507008, -43.31445412747075, -43.76551751583531, -43.08804610211268, -32.5899319889208, -33.060624814632135, -33.26532803166332 | 1.366433719419852
-53.57643008493905, -51.43090795507008, -48.026049540041925, -43.76551751583531, -43.08804610211268, -40.93311069385246, -33.060624814632135, -33.26532803166332, -32.5796237902015 | 1.0289810973700264
-51.43090795507008, -48.026049540041925, -43.54883047350427, -43.08804610211268, -40.93311069385246, -37.54525638406709, -33.26532803166332, -32.5796237902015, -30.41899510625256 | 0.1686681010971399
-48.026049540041925, -43.54883047350427, -38.11323031670823, -40.93311069385246, -37.54525638406709, -33.05094650322027, -32.5796237902015, -30.41899510625256, -27.02736427276578 | -0.6856469425447466
-43.54883047350427, -38.11323031670823, -31.66471603540956, -37.54525638406709, -33.05094650322027, -27.60802291584793, -30.41899510625256, -27.02736427276578, -22.59295536794872 | -1.1865538403879734
-38.11323031670823, -31.66471603540956, -24.21943365760649, -33.05094650322027, -27.60802291584793, -21.221948424979043, -27.02736427276578, -22.59295536794872, -17.153761124573375 | -1.0494695551742772
-31.66471603540956, -24.21943365760649, -15.499347348133597, -27.60802291584793, -21.221948424979043, -13.815190800813008, -22.59295536794872, -17.153761124573375, -10.77973576470588 | -0.6144575874927782
-24.21943365760649, -15.499347348133597, -5.220001310004117, -21.221948424979043, -13.815190800813008, -4.937208182874855, -17.153761124573375, -10.77973576470588, -3.69181878762244 | -0.2852885503388449
-4.306090026647286, -7.331310250117537, -9.721781467576792, -3.765616448699764, -6.238285077697842, -8.180627031568724, -2.780579158168083, -4.738097711013645, -6.279997043374643 | -0.5130882070466641
-7.331310250117537, -9.721781467576792, -11.695859078608862, -6.238285077697842, -8.180627031568724, -9.768331987916868, -4.738097711013645, -6.279997043374643, -7.440923813276027 | 1.1319445921576303
-9.721781467576792, -11.695859078608862, -13.960192405452185, -8.180627031568724, -9.768331987916868, -11.167468303520456, -6.279997043374643, -7.440923813276027, -8.372596959845186 | 1.5504607482351196
-11.695859078608862, -13.960192405452185, -17.44419019324269, -9.768331987916868, -11.167468303520456, -12.7730815042054, -7.440923813276027, -8.372596959845186, -9.36934413103122 | 0.7655038169304273
-13.960192405452185, -17.44419019324269, -22.31736577590722, -11.167468303520456, -12.7730815042054, -15.28870521307506, -8.372596959845186, -9.36934413103122, -10.608974360640731 | -0.3562048821036166
-17.44419019324269, -22.31736577590722, -28.140922891561654, -12.7730815042054, -15.28870521307506, -18.80247046340524, -9.36934413103122, -10.608974360640731, -12.244277986248388 | -0.8583418657611078
-22.31736577590722, -28.140922891561654, -33.58005863670983, -15.28870521307506, -18.80247046340524, -22.91499790011525, -10.608974360640731, -12.244277986248388, -14.338375595131849 | -0.7660684052097633
-28.140922891561654, -33.58005863670983, -37.772021913536776, -18.80247046340524, -22.91499790011525, -26.963641284603423, -12.244277986248388, -14.338375595131849, -16.78687714767442 | -0.3799305975759787
-33.58005863670983, -37.772021913536776, -40.72825381126872, -22.91499790011525, -26.963641284603423, -29.943549618713448, -14.338375595131849, -16.78687714767442, -19.216679393892537 | 0.1545160779322208
-37.772021913536776, -40.72825381126872, -42.483195210906175, -26.963641284603423, -29.943549618713448, -31.78869435740072, -16.78687714767442, -19.216679393892537, -21.204645128174125 | 0.5243885168220634
-40.72825381126872, -42.483195210906175, -43.31445412747075, -29.943549618713448, -31.78869435740072, -32.5899319889208, -19.216679393892537, -21.204645128174125, -22.2690578256 | 0.9264290258442586
-42.483195210906175, -43.31445412747075, -43.76551751583531, -31.78869435740072, -32.5899319889208, -33.060624814632135, -21.204645128174125, -22.2690578256, -22.55931066057333 | 1.3747701281750857
-43.31445412747075, -43.76551751583531, -43.08804610211268, -32.5899319889208, -33.060624814632135, -33.26532803166332, -22.2690578256, -22.55931066057333, -22.644531872427983 | 1.8628562395316757
-43.76551751583531, -43.08804610211268, -40.93311069385246, -33.060624814632135, -33.26532803166332, -32.5796237902015, -22.55931066057333, -22.644531872427983, -22.798097141716568 | 1.896779230229243
-43.08804610211268, -40.93311069385246, -37.54525638406709, -33.26532803166332, -32.5796237902015, -30.41899510625256, -22.644531872427983, -22.798097141716568, -22.08661088619476 | 1.3408470625357547
-40.93311069385246, -37.54525638406709, -33.05094650322027, -32.5796237902015, -30.41899510625256, -27.02736427276578, -22.798097141716568, -22.08661088619476, -19.935129518012424 | 0.2995241845471963
-37.54525638406709, -33.05094650322027, -27.60802291584793, -30.41899510625256, -27.02736427276578, -22.59295536794872, -22.08661088619476, -19.935129518012424, -16.50590278397955 | -0.6320043121578598
-33.05094650322027, -27.60802291584793, -21.221948424979043, -27.02736427276578, -22.59295536794872, -17.153761124573375, -19.935129518012424, -16.50590278397955, -12.082859770673489 | -1.00902698239636
-27.60802291584793, -21.221948424979043, -13.815190800813008, -22.59295536794872, -17.153761124573375, -10.77973576470588, -16.50590278397955, -12.082859770673489, -6.657549573640168 | -0.8080820393719925
-21.221948424979043, -13.815190800813008, -4.937208182874855, -17.153761124573375, -10.77973576470588, -3.69181878762244, -12.082859770673489, -6.657549573640168, -1.950598251340996 | -0.5543128557058751
-3.765616448699764, -6.238285077697842, -8.180627031568724, -2.780579158168083, -4.738097711013645, -6.279997043374643, -1.3287203881546743, -2.793231092724679, -3.8357772404115993 | -1.6459815091441063
-6.238285077697842, -8.180627031568724, -9.768331987916868, -4.738097711013645, -6.279997043374643, -7.440923813276027, -2.793231092724679, -3.8357772404115993, -4.41994294676806 | -0.0504349509538715
-8.180627031568724, -9.768331987916868, -11.167468303520456, -6.279997043374643, -7.440923813276027, -8.372596959845186, -3.8357772404115993, -4.41994294676806, -4.922336002844951 | 0.9808837320290484
-9.768331987916868, -11.167468303520456, -12.7730815042054, -7.440923813276027, -8.372596959845186, -9.36934413103122, -4.41994294676806, -4.922336002844951, -5.515882108665105 | 1.1867880903553458
-11.167468303520456, -12.7730815042054, -15.28870521307506, -8.372596959845186, -9.36934413103122, -10.608974360640731, -4.922336002844951, -5.515882108665105, -6.225042442607897 | 0.8959516756459748
-12.7730815042054, -15.28870521307506, -18.80247046340524, -9.36934413103122, -10.608974360640731, -12.244277986248388, -5.515882108665105, -6.225042442607897, -7.006504999102736 | 0.4610970497149693
-15.28870521307506, -18.80247046340524, -22.91499790011525, -10.608974360640731, -12.244277986248388, -14.338375595131849, -6.225042442607897, -7.006504999102736, -7.8914718981850385 | 0.1588934276465712
-18.80247046340524, -22.91499790011525, -26.963641284603423, -12.244277986248388, -14.338375595131849, -16.78687714767442, -7.006504999102736, -7.8914718981850385, -8.948780252794498 | 0.128315686438254
-22.91499790011525, -26.963641284603423, -29.943549618713448, -14.338375595131849, -16.78687714767442, -19.216679393892537, -7.8914718981850385, -8.948780252794498, -10.10351810360547 | 0.4117903974114639
-26.963641284603423, -29.943549618713448, -31.78869435740072, -16.78687714767442, -19.216679393892537, -21.204645128174125, -8.948780252794498, -10.10351810360547, -11.137985096774193 | 0.8733577666852388
-29.943549618713448, -31.78869435740072, -32.5899319889208, -19.216679393892537, -21.204645128174125, -22.2690578256, -10.10351810360547, -11.137985096774193, -11.9340168602282 | 1.5040596295696746
-31.78869435740072, -32.5899319889208, -33.060624814632135, -21.204645128174125, -22.2690578256, -22.55931066057333, -11.137985096774193, -11.9340168602282, -12.261816654626625 | 1.998907795457893
-32.5899319889208, -33.060624814632135, -33.26532803166332, -22.2690578256, -22.55931066057333, -22.644531872427983, -11.9340168602282, -12.261816654626625, -12.227181835820897 | 2.258759098333868
-33.060624814632135, -33.26532803166332, -32.5796237902015, -22.55931066057333, -22.644531872427983, -22.798097141716568, -12.261816654626625, -12.227181835820897, -12.28011426146789 | 2.2481850453357795
-33.26532803166332, -32.5796237902015, -30.41899510625256, -22.644531872427983, -22.798097141716568, -22.08661088619476, -12.227181835820897, -12.28011426146789, -12.29060242411979 | 2.038913226293637
-32.5796237902015, -30.41899510625256, -27.02736427276578, -22.798097141716568, -22.08661088619476, -19.935129518012424, -12.28011426146789, -12.29060242411979, -11.602333427849086 | 1.314328399521882
-30.41899510625256, -27.02736427276578, -22.59295536794872, -22.08661088619476, -19.935129518012424, -16.50590278397955, -12.29060242411979, -11.602333427849086, -9.443366959837729 | 0.279183719291644
-27.02736427276578, -22.59295536794872, -17.153761124573375, -19.935129518012424, -16.50590278397955, -12.082859770673489, -11.602333427849086, -9.443366959837729, -6.027590811755035 | -0.355675284488522
-22.59295536794872, -17.153761124573375, -10.77973576470588, -16.50590278397955, -12.082859770673489, -6.657549573640168, -9.443366959837729, -6.027590811755035, -2.414190091825308 | -0.3377911755278924
-17.153761124573375, -10.77973576470588, -3.69181878762244, -12.082859770673489, -6.657549573640168, -1.950598251340996, -6.027590811755035, -2.414190091825308, -0.4608725 | -1.1895328039318285
