center_x,center_y,center_z,error
-165.002459,-165.003274,nan,nan
-155.002459,-165.003274,nan,nan
-145.002459,-165.003274,nan,nan
-135.002459,-165.003274,nan,nan
-125.00245899999999,-165.003274,-0.6530074154589373,-4.776981248727166
-115.00245899999999,-165.003274,-1.55720344224924,-4.367014686943498
-105.00245899999999,-165.003274,-2.421781856837607,-4.079617966978523
-95.00245899999999,-165.003274,-3.051642441839495,-3.924753374510644
-85.00245899999999,-165.003274,-3.4589145247524753,-3.7869842325894854
-75.00245899999999,-165.003274,-3.444027598173516,-3.8566543786141776
-65.00245899999999,-165.003274,-3.4581774539711194,-3.803245327636924
-55.00245899999999,-165.003274,-3.435647543095459,-3.7438880198821587
-45.00245899999999,-165.003274,-3.4586335452847807,-3.627467826288322
-35.00245899999999,-165.003274,-3.4299730623853213,-3.571374735505882
-25.002458999999988,-165.003274,-3.399998642791552,-3.5256408364349543
-15.002458999999988,-165.003274,-3.4392538843283584,-3.4213055018418843
-5.0024589999999876,-165.003274,-3.462341935694315,-3.3262519612348425
4.9975410000000124,-165.003274,-3.4674967778801844,-3.245406853486383
14.997541000000012,-165.003274,-3.4463303627272723,-3.180216028149915
24.997541000000012,-165.003274,-3.4611484219330855,-3.0673782371434313
34.99754100000001,-165.003274,-3.423643297247706,-3.0206309209145266
44.99754100000001,-165.003274,-3.457377629090909,-2.910077796693046
54.99754100000001,-165.003274,-3.418551503636363,-2.8995205937308617
64.99754100000001,-165.003274,-3.488485806603774,-2.796431182204134
74.99754100000001,-165.003274,-3.414280807447775,-2.835222048638827
84.99754100000001,-165.003274,-3.465176413983441,-2.7347372362357683
94.99754100000001,-165.003274,-3.391620843137255,-2.729409694541096
104.99754100000001,-165.003274,-3.4831774302925993,-2.442556550907148
114.99754100000001,-165.003274,-2.948455224689165,-2.541761225201348
124.99754100000001,-165.003274,-2.139628552542373,-2.709726125255471
134.997541,-165.003274,-1.116091166998012,-3.1625310915656852
144.997541,-165.003274,-0.23444120512820524,-3.6336026537088255
154.997541,-165.003274,nan,nan
164.997541,-165.003274,nan,nan
-165.002459,-155.003274,nan,nan
-155.002459,-155.003274,nan,nan
-145.002459,-155.003274,-0.28001187179487175,-5.134469116237575
-135.002459,-155.003274,-1.377740668292683,-4.659194592852042
-125.00245899999999,-155.003274,-3.1669642538910505,-3.9729219964878473
-115.00245899999999,-155.003274,-5.50901389707271,-2.8278264125708477
-105.00245899999999,-155.003274,-7.466730813559322,-2.0943999299431892
-95.00245899999999,-155.003274,-8.99576977305606,-1.690404093393932
-85.00245899999999,-155.003274,-10.047373188798554,-1.4023754475734602
-75.00245899999999,-155.003274,-10.497366327044025,-1.274340649990819
-65.00245899999999,-155.003274,-10.516890511090573,-1.2325252815595298
-55.00245899999999,-155.003274,-10.539114878116342,-1.0868018932584826
-45.00245899999999,-155.003274,-10.490326631132076,-1.0028165693056015
-35.00245899999999,-155.003274,-10.47267162197393,-0.9117722741026565
-25.002458999999988,-155.003274,-10.504954780602636,-0.7792007321343757
-15.002458999999988,-155.003274,-10.499389694775436,-0.6850178173570499
-5.0024589999999876,-155.003274,-10.48084011111111,-0.6037409757188208
4.9975410000000124,-155.003274,-10.493387364990689,-0.486297423496434
14.997541000000012,-155.003274,-10.496401556179775,-0.3781229633709294
24.997541000000012,-155.003274,-10.487115172701948,-0.2746625508594065
34.99754100000001,-155.003274,-10.512608990485251,-0.13861908314807977
44.99754100000001,-155.003274,-10.454024532015067,-0.1072448231317546
54.99754100000001,-155.003274,-10.52518154442344,0.027005506758220502
64.99754100000001,-155.003274,-10.517158648523987,0.03910719517708096
74.99754100000001,-155.003274,-10.509322484674328,-0.004973984144264358
84.99754100000001,-155.003274,-10.50961955965909,-0.0733568545086747
94.99754100000001,-155.003274,-10.518243127012523,-0.05094044592034626
104.99754100000001,-155.003274,-9.898780359318996,-0.19502184546776624
114.99754100000001,-155.003274,-8.632966486806188,-0.430506238795195
124.99754100000001,-155.003274,-6.752510204139228,-0.8418311433843026
134.997541,-155.003274,-4.35878295210728,-1.7649434469733618
144.997541,-155.003274,-1.8621418932261768,-2.985529273427348
154.997541,-155.003274,-0.5131638142857143,-3.5141205176493484
164.997541,-155.003274,nan,nan
-165.002459,-145.003274,nan,nan
-155.002459,-145.003274,-0.2788070681818182,-5.15565468502869
-145.002459,-145.003274,-1.6633534228855722,-4.634530453081977
-135.002459,-145.003274,-4.420195306949807,-3.3095668339250746
-125.00245899999999,-145.003274,-7.4536091057226,-1.9324875945014786
-115.00245899999999,-145.003274,-10.13412112264151,-1.3013138493392733
-105.00245899999999,-145.003274,-12.479092849809886,-1.05958428054714
-95.00245899999999,-145.003274,-14.507245299614643,-0.8866110227505216
-85.00245899999999,-145.003274,-16.020055039325843,-0.6432365663670865
-75.00245899999999,-145.003274,-16.989457644736845,-0.36029154729785223
-65.00245899999999,-145.003274,-17.486445474208146,-0.057201929978910146
-55.00245899999999,-145.003274,-17.502116960966543,0.09729202275770804
-45.00245899999999,-145.003274,-17.51592268173258,0.3316571724140685
-35.00245899999999,-145.003274,-17.47637642724745,0.48601236866305403
-25.002458999999988,-145.003274,-17.521643164804466,0.7129379093474025
-15.002458999999988,-145.003274,-17.518219843632956,0.8954142842362958
-5.0024589999999876,-145.003274,-17.48026591081594,1.0321903911202976
4.9975410000000124,-145.003274,-17.51799810521327,1.213217409637724
14.997541000000012,-145.003274,-17.51353700744186,1.3303096115641044
24.997541000000012,-145.003274,-17.49620658248848,1.4031632739769635
34.99754100000001,-145.003274,-17.51976016889313,1.4949510728348168
44.99754100000001,-145.003274,-17.52178208457249,1.5580197771402686
54.99754100000001,-145.003274,-17.456077780442804,1.53889133918432
64.99754100000001,-145.003274,-17.492546268089054,1.539055677671172
74.99754100000001,-145.003274,-17.502339378429518,1.3838195253196754
84.99754100000001,-145.003274,-17.518678653465347,1.2406313033488452
94.99754100000001,-145.003274,-16.91429970623917,0.8319275041839899
104.99754100000001,-145.003274,-15.629392863883847,0.4026239405619689
114.99754100000001,-145.003274,-13.719390007561437,0.1186055253987545
124.99754100000001,-145.003274,-11.338178356111644,0.021829097199278717
134.997541,-145.003274,-8.458454969668246,-0.25217453852411104
144.997541,-145.003274,-5.1930963301707775,-1.2973497215217464
154.997541,-145.003274,-1.8318130731428572,-3.0219943144760144
164.997541,-145.003274,-0.22694692500000002,-3.6609371887379436
-165.002459,-135.003274,nan,nan
-155.002459,-135.003274,-1.3672085205696203,-4.7260265641560695
-145.002459,-135.003274,-4.391804532945737,-3.307432277497179
-135.002459,-135.003274,-8.04880491618497,-1.6350720344078344
-125.00245899999999,-135.003274,-11.434386452266152,-0.9179477292486792
-115.00245899999999,-135.003274,-14.449743795260664,-0.8741779955320291
-105.00245899999999,-135.003274,-17.1581112114061,-0.986970360134025
-95.00245899999999,-135.003274,-19.481299699226305,-0.9948169610839596
-85.00245899999999,-135.003274,-21.47023038697675,-0.7037570352767819
-75.00245899999999,-135.003274,-22.992207490808823,-0.28128223283783044
-65.00245899999999,-135.003274,-23.987203351520574,0.12833207621543585
-55.00245899999999,-135.003274,-24.51912084294587,0.5164059313790628
-45.00245899999999,-135.003274,-24.498085590701912,0.6915558189663988
-35.00245899999999,-135.003274,-24.49441720018622,0.9858765554547916
-25.002458999999988,-135.003274,-24.5500258397738,1.3543766464624136
-15.002458999999988,-135.003274,-24.513045184672205,1.6418978474881876
-5.0024589999999876,-135.003274,-24.51895894366197,1.9613196897839842
4.9975410000000124,-135.003274,-24.463490709039547,2.1403340780040456
14.997541000000012,-135.003274,-24.513678031894933,2.3167014144604434
24.997541000000012,-135.003274,-24.49269164305685,2.314254841226566
34.99754100000001,-135.003274,-24.522933080555553,2.284398610597206
44.99754100000001,-135.003274,-24.49278132116105,2.195185481503645
54.99754100000001,-135.003274,-24.448709013035383,2.0732761326083105
64.99754100000001,-135.003274,-24.52060803551402,2.0042424352027477
74.99754100000001,-135.003274,-24.518621182300887,1.8417335714002876
84.99754100000001,-135.003274,-23.868804558464223,1.3622571530622076
94.99754100000001,-135.003274,-22.556339776556776,0.724599519222856
104.99754100000001,-135.003274,-20.674530052830185,0.1834279379663563
114.99754100000001,-135.003274,-18.30363979316888,-0.09436289462372602
124.99754100000001,-135.003274,-15.44514478770413,-0.09181323838781363
134.997541,-135.003274,-12.169561019455253,0.10336345173928126
144.997541,-135.003274,-8.450642884250474,-0.15496861000666975
154.997541,-135.003274,-4.318352203531599,-1.760183331120901
164.997541,-135.003274,-1.119279231884058,-3.256365800750872
-165.002459,-125.003274,-0.6514004711538461,-4.973768996208445
-155.002459,-125.003274,-3.1484274882583163,-3.9797220916606517
-145.002459,-125.003274,-7.465576539370079,-1.7700064616760554
-135.002459,-125.003274,-11.423328717497556,-0.780551050517834
-125.00245899999999,-125.003274,-15.07735192673644,-0.73135919685754
-115.00245899999999,-125.003274,-18.418568032723773,-1.0357827859365412
-105.00245899999999,-125.003274,-21.46409467748092,-1.2628644951802446
-95.00245899999999,-125.003274,-24.122990244976076,-1.2794086504535245
-85.00245899999999,-125.003274,-26.443627367385194,-1.0082717770517458
-75.00245899999999,-125.003274,-28.441483834449762,-0.5172430948676654
-65.00245899999999,-125.003274,-29.964928391713748,-0.013283339080842614
-55.00245899999999,-125.003274,-30.997584626905834,0.4404311260152621
-45.00245899999999,-125.003274,-31.543170063392854,0.8400380494818811
-35.00245899999999,-125.003274,-31.501311839181287,1.0747372610118475
-25.002458999999988,-125.003274,-31.515924612167304,1.547279365581282
-15.002458999999988,-125.003274,-31.506554584817245,2.053571437302232
-5.0024589999999876,-125.003274,-31.50816240655106,2.5393158603811607
4.9975410000000124,-125.003274,-31.496663390130355,2.876330594612445
14.997541000000012,-125.003274,-31.51623686908078,3.0296799918605717
24.997541000000012,-125.003274,-31.514404923791822,2.946409151555215
34.99754100000001,-125.003274,-31.49762607149577,2.692936924353642
44.99754100000001,-125.003274,-31.517869703225806,2.433848317318825
54.99754100000001,-125.003274,-31.545541671846436,2.200859399455618
64.99754100000001,-125.003274,-31.49090929937998,2.001148761510522
74.99754100000001,-125.003274,-30.889097313499118,1.6241120942602654
84.99754100000001,-125.003274,-29.53530413888889,0.9921243518221475
94.99754100000001,-125.003274,-27.61644587274454,0.33404363504603257
104.99754100000001,-125.003274,-25.238363170684668,-0.17621555862104757
114.99754100000001,-125.003274,-22.413273927619045,-0.42360539930597846
124.99754100000001,-125.003274,-19.154663594936707,-0.32756531395697747
134.997541,-125.003274,-15.440923875119159,0.03339575554266488
144.997541,-125.003274,-11.291667050094519,0.24224310600788343
154.997541,-125.003274,-6.714686497733454,-0.6623777090967876
164.997541,-125.003274,-2.1243933042998897,-2.863178176565675
-165.002459,-115.003274,-1.5560087083993661,-4.517397497794602
-155.002459,-115.003274,-5.521651678811121,-2.645980705209225
-145.002459,-115.003274,-10.137455359773371,-0.9225517128220218
-135.002459,-115.003274,-14.417070353506245,-0.5833811952629717
-125.00245899999999,-115.003274,-18.425042493779905,-0.86228525591646
-115.00245899999999,-115.003274,-22.07979805078125,-1.2812347667985875
-105.00245899999999,-115.003274,-25.411072536679534,-1.519180356869234
-95.00245899999999,-115.003274,-28.429182067763794,-1.4947897299546349
-85.00245899999999,-115.003274,-31.100669826086953,-1.253159979896688
-75.00245899999999,-115.003274,-33.4507011551561,-0.838615147781102
-65.00245899999999,-115.003274,-35.39769392999054,-0.3515951950081159
-55.00245899999999,-115.003274,-36.966683405253285,0.17692210146069778
-45.00245899999999,-115.003274,-37.987885484182776,0.6269176912789868
-35.00245899999999,-115.003274,-38.534029078014186,1.1138502014265705
-25.002458999999988,-115.003274,-38.502225375,1.5511507070877997
-15.002458999999988,-115.003274,-38.5023998235849,2.237164636690646
-5.0024589999999876,-115.003274,-38.48124796268657,2.8940749079900687
4.9975410000000124,-115.003274,-38.47878019273743,3.3676959027123914
14.997541000000012,-115.003274,-38.47177977053825,3.5046482943139927
24.997541000000012,-115.003274,-38.46167307784986,3.283371369539848
34.99754100000001,-115.003274,-38.51937924186046,2.8786530772523538
44.99754100000001,-115.003274,-38.508951906279286,2.374039955678828
54.99754100000001,-115.003274,-38.53059515600351,2.0892117252315874
64.99754100000001,-115.003274,-37.8476436005291,1.624804632205334
74.99754100000001,-115.003274,-36.53207615906977,1.0672275344954407
84.99754100000001,-115.003274,-34.60496677967711,0.436194867128579
94.99754100000001,-115.003274,-32.210443679425836,-0.11601739074469879
104.99754100000001,-115.003274,-29.377901795215312,-0.509382944251612
114.99754100000001,-115.003274,-26.123769536723163,-0.6066550725838109
124.99754100000001,-115.003274,-22.449408632850243,-0.38304148035385677
134.997541,-115.003274,-18.31770185091965,0.09549173711025524
144.997541,-115.003274,-13.732268062500001,0.517694740476332
154.997541,-115.003274,-8.667542470961887,-0.013724947199473262
164.997541,-115.003274,-2.9208948178603005,-2.6926231793240993
-165.002459,-105.003274,-2.4388939051254086,-4.15488257248227
-155.002459,-105.003274,-7.4882281822474015,-1.7338254617101776
-145.002459,-105.003274,-12.500218555446516,-0.4932591699411585
-135.002459,-105.003274,-17.148381100585937,-0.5021007991951342
-125.00245899999999,-105.003274,-21.399682771878076,-1.00153429256848
-115.00245899999999,-105.003274,-25.385960477362204,-1.3985583408594826
-105.00245899999999,-105.003274,-29.055671480988593,-1.6002198413413231
-95.00245899999999,-105.003274,-32.41346442761266,-1.5885930296696473
-85.00245899999999,-105.003274,-35.46002992151163,-1.384917842807913
-75.00245899999999,-105.003274,-38.15413524259789,-1.054306353028527
-65.00245899999999,-105.003274,-40.45641908920187,-0.6554218513022775
-55.00245899999999,-105.003274,-42.38950548341232,-0.21286424481303448
-45.00245899999999,-105.003274,-43.92812156607311,0.2876887657174652
-35.00245899999999,-105.003274,-44.984588467429575,0.8453271401489036
-25.002458999999988,-105.003274,-45.49738740507437,1.490296208794843
-15.002458999999988,-105.003274,-45.5099383660797,2.2101711497015444
-5.0024589999999876,-105.003274,-45.524152286778396,3.0628283590991043
4.9975410000000124,-105.003274,-45.53988402411874,3.6603998927911667
14.997541000000012,-105.003274,-45.522850386129335,3.7812675277786236
24.997541000000012,-105.003274,-45.516102523452155,3.4300472317631745
34.99754100000001,-105.003274,-45.50864135849057,2.7678976177858297
44.99754100000001,-105.003274,-45.50082142063492,2.200407280998255
54.99754100000001,-105.003274,-44.8598824353256,1.6151404782407348
64.99754100000001,-105.003274,-43.49724403348416,0.9981466258957756
74.99754100000001,-105.003274,-41.598732543314505,0.4200810731054411
84.99754100000001,-105.003274,-39.224761344729345,-0.08767556923921939
94.99754100000001,-105.003274,-36.395453161958564,-0.48240440526728434
104.99754100000001,-105.003274,-33.12003936337209,-0.6894556250245635
114.99754100000001,-105.003274,-29.41999372638754,-0.6099701557681353
124.99754100000001,-105.003274,-25.355363219604143,-0.1733035455167841
134.997541,-105.003274,-20.73574927376426,0.4056832204679791
144.997541,-105.003274,-15.635200411978225,0.8813309710745493
154.997541,-105.003274,-9.944791004336514,0.3207002761219034
164.997541,-105.003274,-3.541578300813008,-2.5305396265335522
-165.002459,-95.003274,-3.061727952166065,-3.983566963238297
-155.002459,-95.003274,-9.013540683440073,-1.1722585459371686
-145.002459,-95.003274,-14.518665893596987,-0.19421671890571005
-135.002459,-95.003274,-19.423582987607247,-0.46380637735837643
-125.00245899999999,-95.003274,-24.074536105212356,-0.9227487430853408
-115.00245899999999,-95.003274,-28.393136131021198,-1.2847171383182174
-105.00245899999999,-95.003274,-32.41150516129032,-1.4692862688935435
-95.00245899999999,-95.003274,-36.0457419271137,-1.573525399525398
-85.00245899999999,-95.003274,-39.44646502394636,-1.453818840685093
-75.00245899999999,-95.003274,-42.43801590549663,-1.2557594979038424
-65.00245899999999,-95.003274,-45.137391908230846,-0.9124574532199448
-55.00245899999999,-95.003274,-47.420096298095245,-0.5741688683880668
-45.00245899999999,-95.003274,-49.405193555555556,-0.10662192447496599
-35.00245899999999,-95.003274,-50.94355775559701,0.4348191437524732
-25.002458999999988,-95.003274,-52.01545230749129,1.170683502036098
-15.002458999999988,-95.003274,-52.52541439614373,2.0540335775479996
-5.0024589999999876,-95.003274,-52.53489659833795,2.892498095067377
4.9975410000000124,-95.003274,-52.54697331696015,3.568582592649621
14.997541000000012,-95.003274,-52.51558264569843,3.6517712285319024
24.997541000000012,-95.003274,-52.486532282894736,3.1533505435238807
34.99754100000001,-95.003274,-52.52274664131374,2.472385032165699
44.99754100000001,-95.003274,-51.85727398315603,1.6372935395805073
54.99754100000001,-95.003274,-50.52740838617512,0.9344800293800104
64.99754100000001,-95.003274,-48.61338551022305,0.35438642256202396
74.99754100000001,-95.003274,-46.232932873429945,-0.10255175280765685
84.99754100000001,-95.003274,-43.374112140977445,-0.4980717403927252
94.99754100000001,-95.003274,-40.08867876119403,-0.7540239838136276
104.99754100000001,-95.003274,-36.453441729007636,-0.6570474310389642
114.99754100000001,-95.003274,-32.32153182612872,-0.3678600453227008
124.99754100000001,-95.003274,-27.757453954333645,0.2351033520350762
134.997541,-95.003274,-22.64967402559415,0.9163202226052884
144.997541,-95.003274,-16.90158823130435,1.2908048261283904
154.997541,-95.003274,-10.531243597345131,0.4574206912487483
164.997541,-95.003274,-3.5038237384044524,-2.7910871515565505
-165.002459,-85.003274,-3.4773091584158413,-3.8504478047849657
-155.002459,-85.003274,-10.015452885361553,-0.873527751194891
-145.002459,-85.003274,-16.000122315837938,0.028722433732869902
-135.002459,-85.003274,-21.40132920413923,-0.17624878633445332
-125.00245899999999,-85.003274,-26.397013449427483,-0.6082882756699112
-115.00245899999999,-85.003274,-31.053488545808964,-0.9814335431686259
-105.00245899999999,-85.003274,-35.37564146808511,-1.2567275835526714
-95.00245899999999,-85.003274,-39.38508130400781,-1.3827500288846868
-85.00245899999999,-85.003274,-43.0807574407767,-1.4026818772743417
-75.00245899999999,-85.003274,-46.40134314300202,-1.3244305843330788
-65.00245899999999,-85.003274,-49.4524882177264,-1.0677702174530204
-55.00245899999999,-85.003274,-52.14620426532567,-0.7551673910361593
-45.00245899999999,-85.003274,-54.45273914962121,-0.42722649531805085
-35.00245899999999,-85.003274,-56.42261076716141,-0.005452784744097378
-25.002458999999988,-85.003274,-57.98341926262627,0.5738113849036702
-15.002458999999988,-85.003274,-59.041145349387044,1.353609766697812
-5.0024589999999876,-85.003274,-59.598472820534944,2.1997153954532775
4.9975410000000124,-85.003274,-59.63778310382979,2.746939584156692
14.997541000000012,-85.003274,-59.63878688917749,2.8142912162067772
24.997541000000012,-85.003274,-59.57072249786507,2.365574798489929
34.99754100000001,-85.003274,-58.883806402070746,1.5648456858315858
44.99754100000001,-85.003274,-57.54297269316082,0.8172532457751367
54.99754100000001,-85.003274,-55.67203697846442,0.2839632578134224
64.99754100000001,-85.003274,-53.2617094573055,-0.1525751338938666
74.99754100000001,-85.003274,-50.43102451809524,-0.4619839654073161
84.99754100000001,-85.003274,-47.16039181913876,-0.6634489911569945
94.99754100000001,-85.003274,-43.473405250240624,-0.6415131377017562
104.99754100000001,-85.003274,-39.3259320018797,-0.41594664243224627
114.99754100000001,-85.003274,-34.78252913140727,0.11045340323591572
124.99754100000001,-85.003274,-29.62249259746147,0.7471855269508705
134.997541,-85.003274,-23.912075168411867,1.4225496016953036
144.997541,-85.003274,-17.51769893357271,1.6282312897550406
154.997541,-85.003274,-10.507275551724138,0.3715567694996019
164.997541,-85.003274,-3.513001339676499,-2.872704112532863
-165.002459,-75.003274,-3.4322246560509555,-3.997397631875153
-155.002459,-75.003274,-10.504838424486149,-0.7573690552425165
-145.002459,-75.003274,-17.013023044144145,0.28482076356051106
-135.002459,-75.003274,-22.94508324726277,0.2262289118650753
-125.00245899999999,-75.003274,-28.36838987030075,-0.13865109281523633
-115.00245899999999,-75.003274,-33.34316413467049,-0.571482915802041
-105.00245899999999,-75.003274,-38.04858731537708,-0.8658834772561
-95.00245899999999,-75.003274,-42.418485150193796,-1.066356247260952
-85.00245899999999,-75.003274,-46.40659597607655,-1.2106960078799518
-75.00245899999999,-75.003274,-50.09330427603143,-1.187068267783986
-65.00245899999999,-75.003274,-53.41565287811901,-1.054066756836809
-55.00245899999999,-75.003274,-56.44554710865384,-0.8032403272465777
-45.00245899999999,-75.003274,-59.14770908733205,-0.5645744428527341
-35.00245899999999,-75.003274,-61.54414461449016,-0.28606268435216314
-25.002458999999988,-75.003274,-63.216853337127844,-0.15886387783219835
-15.002458999999988,-75.003274,-64.14310878264605,-0.051859407594643164
-5.0024589999999876,-75.003274,-64.52966383290489,0.1459031746307476
4.9975410000000124,-75.003274,-64.60790232667246,0.3488985639130768
14.997541000000012,-75.003274,-64.58962005212858,0.3860446730446653
24.997541000000012,-75.003274,-64.51301228658538,0.2950664478067163
34.99754100000001,-75.003274,-63.9474739923339,0.17490930717699862
44.99754100000001,-75.003274,-62.656703510711225,0.09140731047345801
54.99754100000001,-75.003274,-60.3512462805219,-0.1815955690886822
64.99754100000001,-75.003274,-57.43317007061069,-0.4719930681489678
74.99754100000001,-75.003274,-54.159782998067634,-0.5947983717763369
84.99754100000001,-75.003274,-50.433987427889214,-0.599770397573771
94.99754100000001,-75.003274,-46.33390818773585,-0.39240856331334384
104.99754100000001,-75.003274,-41.731952731524785,0.008074960504405973
114.99754100000001,-75.003274,-36.66354042974453,0.6263860404069321
124.99754100000001,-75.003274,-30.941833632224164,1.284720015228135
134.997541,-75.003274,-24.503791014886165,1.772669653885811
144.997541,-75.003274,-17.538019559259258,1.741394053900541
154.997541,-75.003274,-10.516766185958254,0.42970747173409773
164.997541,-75.003274,-3.517034678236398,-2.873670092555266
-165.002459,-65.003274,-3.4400211913123844,-4.018336417341831
-155.002459,-65.003274,-10.498965683823528,-0.8948646499338767
-145.002459,-65.003274,-17.539478805429866,0.5003912578084473
-135.002459,-65.003274,-24.00276185368043,0.6405594510690875
-125.00245899999999,-65.003274,-29.84589558203483,0.30232173226680964
-115.00245899999999,-65.003274,-35.333541635514024,-0.03564176457488153
-105.00245899999999,-65.003274,-40.335127731589154,-0.4577250929591555
-95.00245899999999,-65.003274,-45.06044185203095,-0.7333120261647725
-85.00245899999999,-65.003274,-49.38736751184834,-0.9487537843380546
-75.00245899999999,-65.003274,-53.40288940019102,-0.9779801783626173
-65.00245899999999,-65.003274,-57.09375047178988,-0.8647794284114712
-55.00245899999999,-65.003274,-60.48151398166023,-0.6498934875251434
-45.00245899999999,-65.003274,-63.30218361823105,-0.6182844806747951
-35.00245899999999,-65.003274,-64.96377146624663,-1.0173247772791305
-25.002458999999988,-65.003274,-65.78003434349593,-1.3701557061826184
-15.002458999999988,-65.003274,-66.21332621775899,-1.4548459419845943
-5.0024589999999876,-65.003274,-66.43221532745314,-1.3799347827877484
4.9975410000000124,-65.003274,-66.48300641501103,-1.3387389482116852
14.997541000000012,-65.003274,-66.4778308373102,-1.2621512395950076
24.997541000000012,-65.003274,-66.35469249124726,-1.202500003870213
34.99754100000001,-65.003274,-66.01634659384942,-1.153529589633411
44.99754100000001,-65.003274,-65.39343388867562,-0.9459997611142735
54.99754100000001,-65.003274,-64.03284342608696,-0.5504432612483179
64.99754100000001,-65.003274,-61.223763466172386,-0.4379089754420305
74.99754100000001,-65.003274,-57.49474174346564,-0.41253330422581214
84.99754100000001,-65.003274,-53.324338614271944,-0.293417796836611
94.99754100000001,-65.003274,-48.746496616822434,0.02513236178964379
104.99754100000001,-65.003274,-43.63941673448905,0.5030544587065885
114.99754100000001,-65.003274,-37.93467875840708,1.0764210031257155
124.99754100000001,-65.003274,-31.514622768356645,1.6009547235439094
134.997541,-65.003274,-24.46913183933518,1.8662425401576395
144.997541,-65.003274,-17.525660096065874,1.8634204048299878
154.997541,-65.003274,-10.512314976591762,0.47579582781427443
164.997541,-65.003274,-3.524749563207547,-2.8246898713509827
-165.002459,-55.003274000000005,-3.412965245762712,-4.047855510234847
-155.002459,-55.003274000000005,-10.485763384542885,-0.9492724712450391
-145.002459,-55.003274000000005,-17.52489224118738,0.4751442846004425
-135.002459,-55.003274000000005,-24.493110396428573,0.913997211459059
-125.00245899999999,-55.003274000000005,-30.97988059982487,0.8349175282018587
-115.00245899999999,-55.003274000000005,-36.84972600641613,0.45562436477644547
-105.00245899999999,-55.003274000000005,-42.30936633238637,0.049973524736759194
-95.00245899999999,-55.003274000000005,-47.36107799906455,-0.34822873844015045
-85.00245899999999,-55.003274000000005,-52.068610424926405,-0.5954841829368058
-75.00245899999999,-55.003274000000005,-56.431509350775194,-0.6656560553804546
-65.00245899999999,-55.003274000000005,-60.48806502111324,-0.5803875089540116
-55.00245899999999,-55.003274000000005,-63.79136346453287,-0.6912246468160896
-45.00245899999999,-55.003274000000005,-65.51569711730205,-1.3507533561525684
-35.00245899999999,-55.003274000000005,-66.3601021772429,-1.5962743372808268
-25.002458999999988,-55.003274000000005,-66.90644177287761,-1.4429746357762352
-15.002458999999988,-55.003274000000005,-67.27998261080485,-1.1919183560092454
-5.0024589999999876,-55.003274000000005,-67.4834822505618,-0.9944377160368779
4.9975410000000124,-55.003274000000005,-67.52076136210762,-0.9318828650271027
14.997541000000012,-55.003274000000005,-67.49926840879121,-0.8762898663983848
24.997541000000012,-55.003274000000005,-67.33527480915178,-0.8903860232170003
34.99754100000001,-55.003274000000005,-66.98488961979751,-1.0020088658092745
44.99754100000001,-55.003274000000005,-66.45018040954496,-1.1692620958705897
54.99754100000001,-55.003274000000005,-65.68149796704428,-1.084583287040529
64.99754100000001,-55.003274000000005,-64.0240425738137,-0.4928795677878215
74.99754100000001,-55.003274000000005,-60.34259762065728,-0.19940256741298754
84.99754100000001,-55.003274000000005,-55.75465772889306,0.10768043151792654
94.99754100000001,-55.003274000000005,-50.652964475930965,0.4745135378475538
104.99754100000001,-55.003274000000005,-44.93096713309983,0.9060942903166707
114.99754100000001,-55.003274000000005,-38.47728166431096,1.3077206284916307
124.99754100000001,-55.003274000000005,-31.48498776657329,1.6695387994990012
134.997541,-55.003274000000005,-24.386528986952474,1.9446598102302208
144.997541,-55.003274000000005,-17.45727614218896,1.864678506848097
154.997541,-55.003274000000005,-10.484504056325024,0.4753577884135576
164.997541,-55.003274000000005,-3.4769822207547167,-2.8118572193502716
-165.002459,-45.003274000000005,-3.4561056296641794,-3.977497938223599
-155.002459,-45.003274000000005,-10.490979173148148,-0.9458109295698174
-145.002459,-45.003274000000005,-17.48736934141791,0.5053681665694844
-135.002459,-45.003274000000005,-24.455441443085608,0.9868991055981938
-125.00245899999999,-45.003274000000005,-31.510840481970096,1.201094469212819
-115.00245899999999,-45.003274000000005,-37.95419554804271,0.9857496306077661
-105.00245899999999,-45.003274000000005,-43.82374846468401,0.5399649049496725
-95.00245899999999,-45.003274000000005,-49.315372028382214,0.10905119573791941
-85.00245899999999,-45.003274000000005,-54.404267961795604,-0.21394652798373592
-75.00245899999999,-45.003274000000005,-59.14239669656488,-0.3673921355824133
-65.00245899999999,-45.003274000000005,-63.34201522473868,-0.46523196348518614
-55.00245899999999,-45.003274000000005,-65.51976195570867,-1.2873949265245748
-45.00245899999999,-45.003274000000005,-66.53706030391061,-1.5684972456015471
-35.00245899999999,-45.003274000000005,-67.2479067003367,-1.2320747195688735
-25.002458999999988,-45.003274000000005,-67.78403345973155,-0.7674938809266472
-15.002458999999988,-45.003274000000005,-68.13948429945356,-0.42396039006514386
-5.0024589999999876,-45.003274000000005,-68.32954926500565,-0.2248056946931364
4.9975410000000124,-45.003274000000005,-68.36919070391062,-0.16161609893781728
14.997541000000012,-45.003274000000005,-68.33339380973452,-0.12993918200933827
24.997541000000012,-45.003274000000005,-68.1340167118451,-0.1770733560087802
34.99754100000001,-45.003274000000005,-67.74358329310346,-0.3529708891826837
44.99754100000001,-45.003274000000005,-67.18196726130098,-0.6940430636011449
54.99754100000001,-45.003274000000005,-66.45001836026935,-1.0305017779950743
64.99754100000001,-45.003274000000005,-65.38813121203438,-0.7760665544500963
74.99754100000001,-45.003274000000005,-62.66260640557006,0.059273166169067075
84.99754100000001,-45.003274000000005,-57.62266179067642,0.42713377481040443
94.99754100000001,-45.003274000000005,-51.92897881578947,0.8034398455608744
104.99754100000001,-45.003274000000005,-45.52426594965277,1.0840494363032358
114.99754100000001,-45.003274000000005,-38.418761179487184,1.263946930744291
124.99754100000001,-45.003274000000005,-31.327411179702047,1.6289095704127607
134.997541,-45.003274000000005,-24.317629366482503,1.9130194322476917
144.997541,-45.003274000000005,-17.389468266294227,1.8135218875441337
154.997541,-45.003274000000005,-10.496483527153558,0.5420131528310266
164.997541,-45.003274000000005,-3.4882578890977443,-2.72701909124028
-165.002459,-35.003274000000005,-3.453027852125693,-3.951291091418172
-155.002459,-35.003274000000005,-10.517938514445481,-0.9064799686411062
-145.002459,-35.003274000000005,-17.497296635944704,0.6085909538857609
-135.002459,-35.003274000000005,-24.523025091497228,1.235178797676897
-125.00245899999999,-35.003274000000005,-31.502009037348273,1.4092557421589902
-115.00245899999999,-35.003274000000005,-38.5047003028169,1.4580185238054275
-105.00245899999999,-35.003274000000005,-44.88235392287233,1.0960796071757999
-95.00245899999999,-35.003274000000005,-50.893592226804124,0.6866395254687457
-85.00245899999999,-35.003274000000005,-56.38605423330198,0.2345487640347689
-75.00245899999999,-35.003274000000005,-61.535878107468136,-0.050673262551034125
-65.00245899999999,-35.003274000000005,-64.95050081514879,-0.8729421487079663
-55.00245899999999,-35.003274000000005,-66.350081518847,-1.5040223781758666
-45.00245899999999,-35.003274000000005,-67.24331747714604,-1.1603376115691528
-35.00245899999999,-35.003274000000005,-67.95895026779661,-0.5453501705929799
-25.002458999999988,-35.003274000000005,-68.48428149550563,-0.08693281739988937
-15.002458999999988,-35.003274000000005,-68.82887631348315,0.20557273259077502
-5.0024589999999876,-35.003274000000005,-69.01061653984289,0.36784631894783043
4.9975410000000124,-35.003274000000005,-69.04447023085585,0.4290874863886824
14.997541000000012,-35.003274000000005,-68.97640094730941,0.45893664533663825
24.997541000000012,-35.003274000000005,-68.73401498557159,0.39993485046147204
34.99754100000001,-35.003274000000005,-68.32109795690609,0.22020481659759136
44.99754100000001,-35.003274000000005,-67.72565558287596,-0.1452766255352525
54.99754100000001,-35.003274000000005,-66.9712532374582,-0.6583277224648272
64.99754100000001,-35.003274000000005,-66.00011208071278,-0.8213360308586355
74.99754100000001,-35.003274000000005,-63.956593853801174,0.06203756382954184
84.99754100000001,-35.003274000000005,-58.92697532778265,0.6974272424469997
94.99754100000001,-35.003274000000005,-52.4355062744925,0.8790523917137587
104.99754100000001,-35.003274000000005,-45.37848769161407,0.9213250462145841
114.99754100000001,-35.003274000000005,-38.18697787740165,1.0892777766777224
124.99754100000001,-35.003274000000005,-31.06434679664179,1.375178760882278
134.997541,-35.003274000000005,-24.171951715877437,1.754463428495429
144.997541,-35.003274000000005,-17.303860125335724,1.767238830666122
154.997541,-35.003274000000005,-10.416439412408758,0.5469845168501488
164.997541,-35.003274000000005,-3.4767951446009393,-2.634091840107883
-165.002459,-25.003274000000005,-3.4386253308550185,-3.9509745326098904
-155.002459,-25.003274000000005,-10.483997716117218,-0.9087643987017965
-145.002459,-25.003274000000005,-17.507556212093025,0.735017393359348
-135.002459,-25.003274000000005,-24.52342350744879,1.4707276546858974
-125.00245899999999,-25.003274000000005,-31.475448826654247,1.7355012360715596
-115.00245899999999,-25.003274000000005,-38.55445787663552,1.870521301844237
-105.00245899999999,-25.003274000000005,-45.514179231040565,1.7844881244801225
-95.00245899999999,-25.003274000000005,-51.99926420575022,1.387971231092761
-85.00245899999999,-25.003274000000005,-57.974300836065574,0.7949081614465531
-75.00245899999999,-25.003274000000005,-63.200500324675325,0.10728545788523706
-65.00245899999999,-25.003274000000005,-65.76819839148074,-1.186435664851466
-55.00245899999999,-25.003274000000005,-66.89443899888889,-1.2864802434035738
-45.00245899999999,-25.003274000000005,-67.76509769757175,-0.6264041745525404
-35.00245899999999,-25.003274000000005,-68.47155829540482,0.0031581258722335136
-25.002458999999988,-25.003274000000005,-69.00088291231964,0.40266521178133613
-15.002458999999988,-25.003274000000005,-69.3378851839465,0.633063940064004
-5.0024589999999876,-25.003274000000005,-69.51091951473923,0.7694972974483848
4.9975410000000124,-25.003274000000005,-69.52979347012402,0.8394187017478549
14.997541000000012,-25.003274000000005,-69.43242888815061,0.8701923441115861
24.997541000000012,-25.003274000000005,-69.16370868876405,0.8093067634119279
34.99754100000001,-25.003274000000005,-68.71436567594655,0.6373711628796679
44.99754100000001,-25.003274000000005,-68.09567250057536,0.2985321594087382
54.99754100000001,-25.003274000000005,-67.299431189099,-0.28834952115931695
64.99754100000001,-25.003274000000005,-66.32061821583514,-0.6970261625518066
74.99754100000001,-25.003274000000005,-64.50149831642304,0.0698745193323674
84.99754100000001,-25.003274000000005,-59.49167039700997,0.846422441080863
94.99754100000001,-25.003274000000005,-52.30060540246046,0.8051866568443405
104.99754100000001,-25.003274000000005,-45.00551052083333,0.7081217211898913
114.99754100000001,-25.003274000000005,-37.84240844361603,0.814111070100536
124.99754100000001,-25.003274000000005,-30.821369763110305,1.135506014303702
134.997541,-25.003274000000005,-23.915196014375564,1.557233951102384
144.997541,-25.003274000000005,-16.942311604484303,1.5806915458603192
154.997541,-25.003274000000005,-10.092964005560704,0.3937528416776559
164.997541,-25.003274000000005,-3.4009726287313438,-2.589636695665927
-165.002459,-15.003274000000005,-3.4707718759328356,-3.8912613406595504
-155.002459,-15.003274000000005,-10.490952329588016,-0.8628332541317693
-145.002459,-15.003274000000005,-17.509947563273073,0.8652403460258127
-135.002459,-15.003274000000005,-24.494832703531596,1.681935656222632
-125.00245899999999,-15.003274000000005,-31.50332904700461,2.128305183358701
-115.00245899999999,-15.003274000000005,-38.511259154571164,2.3276577100106457
-105.00245899999999,-15.003274000000005,-45.53603674629629,2.3044588040408933
-95.00245899999999,-15.003274000000005,-52.48171080054397,2.0329925875440202
-85.00245899999999,-15.003274000000005,-59.061693887040285,1.370424769288568
-75.00245899999999,-15.003274000000005,-64.13894863907849,0.1647530494109986
-65.00245899999999,-15.003274000000005,-66.18723172198276,-1.2582670895002357
-55.00245899999999,-15.003274000000005,-67.2538365,-0.9901765478641983
-45.00245899999999,-15.003274000000005,-68.10879952544248,-0.22918177650745505
-35.00245899999999,-15.003274000000005,-68.80102533804347,0.3265899512355135
-25.002458999999988,-15.003274000000005,-69.32293057126437,0.6723414006252728
-15.002458999999988,-15.003274000000005,-69.66983901454138,0.8904318151082217
-5.0024589999999876,-15.003274000000005,-69.82949052508361,1.018038750767749
4.9975410000000124,-15.003274000000005,-69.83704520310766,1.0823266170417194
14.997541000000012,-15.003274000000005,-69.71076745414365,1.1051659784161
24.997541000000012,-15.003274000000005,-69.40318717832957,1.0413752763068553
34.99754100000001,-15.003274000000005,-68.92134838864142,0.8746543635307579
44.99754100000001,-15.003274000000005,-68.27096728048781,0.5335985982080425
54.99754100000001,-15.003274000000005,-67.44303344201313,-0.09654012181526665
64.99754100000001,-15.003274000000005,-66.43334840884573,-0.5569124010266558
74.99754100000001,-15.003274000000005,-64.49801455660376,0.1935066482541378
84.99754100000001,-15.003274000000005,-59.212014733660126,0.9062673753890949
94.99754100000001,-15.003274000000005,-51.71886694839858,0.6738536791949732
104.99754100000001,-15.003274000000005,-44.412160538185084,0.4653785824320227
114.99754100000001,-15.003274000000005,-37.328405235831816,0.5823189675087077
124.99754100000001,-15.003274000000005,-30.290934691622102,0.8993036603434416
134.997541,-15.003274000000005,-23.207310962093864,1.2338798336297918
144.997541,-15.003274000000005,-16.222794965641953,1.2821451693799588
154.997541,-15.003274000000005,-9.636366401843318,0.1948246667840784
164.997541,-15.003274000000005,-3.248334913533834,-2.5729724094961393
-165.002459,-5.003274000000005,-3.4855468675925927,-3.863592030183202
-155.002459,-5.003274000000005,-10.503310603130757,-0.8208821913391263
-145.002459,-5.003274000000005,-17.472997739829708,0.9086420024896312
-135.002459,-5.003274000000005,-24.488441784916198,1.8310215591612373
-125.00245899999999,-5.003274000000005,-31.508595201492536,2.390634901815189
-115.00245899999999,-5.003274000000005,-38.5186783635514,2.706538827937251
-105.00245899999999,-5.003274000000005,-45.47705419348837,2.7307848183204366
-95.00245899999999,-5.003274000000005,-52.503065122525925,2.4699238227091995
-85.00245899999999,-5.003274000000005,-59.55463344645941,1.8223084184716403
-75.00245899999999,-5.003274000000005,-64.55765645891609,0.2708243117735806
-65.00245899999999,-5.003274000000005,-66.39901068284789,-1.2042317727385348
-55.00245899999999,-5.003274000000005,-67.43542530232558,-0.7987174784245694
-45.00245899999999,-5.003274000000005,-68.28442093333332,-0.06262113228176368
-35.00245899999999,-5.003274000000005,-68.96079204124861,0.41647245016803475
-25.002458999999988,-5.003274000000005,-69.4689235249433,0.7083051107372826
-15.002458999999988,-5.003274000000005,-69.80540894783573,0.904775381934173
-5.0024589999999876,-5.003274000000005,-69.9680803877095,1.022410268653067
4.9975410000000124,-5.003274000000005,-69.96318077025528,1.0796556935631059
14.997541000000012,-5.003274000000005,-69.79840165324386,1.0916402386239035
24.997541000000012,-5.003274000000005,-69.45530543986638,1.0287846832849832
34.99754100000001,-5.003274000000005,-68.94526925171624,0.8694649916270115
44.99754100000001,-5.003274000000005,-68.26007801475596,0.5244066125978564
54.99754100000001,-5.003274000000005,-67.40824156291391,-0.1142804007318192
64.99754100000001,-5.003274000000005,-66.34504551132686,-0.47708588171740396
74.99754100000001,-5.003274000000005,-64.0854204083904,0.4258991007172093
84.99754100000001,-5.003274000000005,-58.44109923255814,1.0289795644145798
94.99754100000001,-5.003274000000005,-50.882444302366345,0.6386565858615397
104.99754100000001,-5.003274000000005,-43.584742796444445,0.37352923416359984
114.99754100000001,-5.003274000000005,-36.36089634,0.3588538382471259
124.99754100000001,-5.003274000000005,-29.238276949910556,0.6257745565804304
134.997541,-5.003274000000005,-22.154242965209637,0.96314250947538
144.997541,-5.003274000000005,-15.214195816308242,0.91442711967187
154.997541,-5.003274000000005,-9.117902895676691,0.010498038694727315
164.997541,-5.003274000000005,-3.076996413407821,-2.5455509096190347
-165.002459,4.996725999999995,-3.4114430064754853,-3.8977309512029477
-155.002459,4.996725999999995,-10.459432676082862,-0.7942888511273043
-145.002459,4.996725999999995,-17.50073950561798,1.0340408053195758
-135.002459,4.996725999999995,-24.536425079816514,2.0186151725486483
-125.00245899999999,4.996725999999995,-31.495906303821062,2.56805348165658
-115.00245899999999,4.996725999999995,-38.4994045894834,2.909881235664611
-105.00245899999999,4.996725999999995,-45.53276478236398,3.027629525437867
-95.00245899999999,4.996725999999995,-52.53001323696682,2.7594253533931905
-85.00245899999999,4.996725999999995,-59.61164910923624,2.0291990165004794
-75.00245899999999,4.996725999999995,-64.59656664222615,0.30010089154271247
-65.00245899999999,4.996725999999995,-66.44242147712419,-1.150881018101961
-55.00245899999999,4.996725999999995,-67.46317770522803,-0.7590373684694626
-45.00245899999999,4.996725999999995,-68.29594463483146,-0.0952281397500478
-35.00245899999999,4.996725999999995,-68.95758731632654,0.3136517009178857
-25.002458999999988,4.996725999999995,-69.4528342719101,0.5472426934296721
-15.002458999999988,4.996725999999995,-69.77591753483145,0.7058831764323992
-5.0024589999999876,4.996725999999995,-69.92672256369787,0.8079049020777476
4.9975410000000124,4.996725999999995,-69.90097812931995,0.8401948257172073
14.997541000000012,4.996725999999995,-69.70640821606335,0.8390185297167434
24.997541000000012,4.996725999999995,-69.34264974943311,0.7823226563702479
34.99754100000001,4.996725999999995,-68.80676841498881,0.6274807643492939
44.99754100000001,4.996725999999995,-68.09656749331849,0.2909455247005345
54.99754100000001,4.996725999999995,-67.21130062971176,-0.29440162529829916
64.99754100000001,4.996725999999995,-66.06936638934427,-0.3548581767636976
74.99754100000001,4.996725999999995,-63.24480489417555,0.7239118392973686
84.99754100000001,4.996725999999995,-56.99080975536481,0.9775270778862336
94.99754100000001,4.996725999999995,-49.440561409965035,0.5073175529589651
104.99754100000001,4.996725999999995,-42.142473866314866,0.24613661904115247
114.99754100000001,4.996725999999995,-34.92231970789473,0.24187368130653578
124.99754100000001,4.996725999999995,-27.761372129710782,0.44126840094169845
134.997541,4.996725999999995,-20.52288279772329,0.543212059101784
144.997541,4.996725999999995,-14.071849929266136,0.5811977129012259
154.997541,4.996725999999995,-8.514311746452224,-0.190083037767414
164.997541,4.996725999999995,-2.869530223851417,-2.5273442906150616
-165.002459,14.996725999999995,-3.460554748398902,-3.8016203266908217
-155.002459,14.996725999999995,-10.482133012416428,-0.6957165941201081
-145.002459,14.996725999999995,-17.521792174710423,1.135390946638928
-135.002459,14.996725999999995,-24.47326192394366,2.018930940785536
-125.00245899999999,14.996725999999995,-31.511946469043153,2.597108962060425
-115.00245899999999,14.996725999999995,-38.497436837662335,2.8723195358684
-105.00245899999999,14.996725999999995,-45.50785625698324,2.91360940785959
-95.00245899999999,14.996725999999995,-52.52074366604651,2.63279149650132
-85.00245899999999,14.996725999999995,-59.53945071958586,1.9986341046987193
-75.00245899999999,14.996725999999995,-64.51824030035027,0.38221294007886514
-65.00245899999999,14.996725999999995,-66.35089103325942,-1.1115982308794803
-55.00245899999999,14.996725999999995,-67.35363945200893,-0.8054213108586241
-45.00245899999999,14.996725999999995,-68.16770197714908,-0.2030930697469685
-35.00245899999999,14.996725999999995,-68.81169402892102,0.17226979314703342
-25.002458999999988,14.996725999999995,-69.283929865991,0.3636575483619898
-15.002458999999988,14.996725999999995,-69.58821069152543,0.4720493702804518
-5.0024589999999876,14.996725999999995,-69.73293906830907,0.5537400296707452
4.9975410000000124,14.996725999999995,-69.68201840066965,0.5805678840709368
14.997541000000012,14.996725999999995,-69.4515840575374,0.5440062766626426
24.997541000000012,14.996725999999995,-69.06264845046083,0.4750125996987871
34.99754100000001,14.996725999999995,-68.50058277777778,0.302534724623471
44.99754100000001,14.996725999999995,-67.77009819101123,-0.07578275331250385
54.99754100000001,14.996725999999995,-66.86622950285715,-0.4752852368705654
64.99754100000001,14.996725999999995,-65.49556072470374,0.0070733042468427605
74.99754100000001,14.996725999999995,-61.727821179693805,1.0616471205445914
84.99754100000001,14.996725999999995,-54.78367513385147,0.8725348832712092
94.99754100000001,14.996725999999995,-47.419349703442194,0.4281925654568712
104.99754100000001,14.996725999999995,-40.18392499028269,0.20919780795137138
114.99754100000001,14.996725999999995,-32.93838874224978,0.12657204262571847
124.99754100000001,14.996725999999995,-25.80321362879445,0.24304339245080353
134.997541,14.996725999999995,-18.70440748508099,0.1799533707990744
144.997541,14.996725999999995,-12.889626115779645,0.2949321502658534
154.997541,14.996725999999995,-7.891746440499039,-0.3405463150188771
164.997541,14.996725999999995,-2.708644787878788,-2.444241536220339
-165.002459,24.996725999999995,-3.4691854471544716,-3.7428147776660117
-155.002459,24.996725999999995,-10.509006049074074,-0.6197729970158794
-145.002459,24.996725999999995,-17.469828676635515,1.1201770715942108
-135.002459,24.996725999999995,-24.476603356746764,1.9842480725487868
-125.00245899999999,24.996725999999995,-31.498818529139683,2.4469078539566316
-115.00245899999999,24.996725999999995,-38.51436360982391,2.61964993091818
-105.00245899999999,24.996725999999995,-45.52918700851466,2.5598683670207296
-95.00245899999999,24.996725999999995,-52.48000576544315,2.3579807378865674
-85.00245899999999,24.996725999999995,-58.92754169020301,1.7212463916104994
-75.00245899999999,24.996725999999995,-64.02512410128756,0.48656083336985956
-65.00245899999999,24.996725999999995,-66.08442148447205,-1.021480218453034
-55.00245899999999,24.996725999999995,-67.07312043263964,-0.9565079684904315
-45.00245899999999,24.996725999999995,-67.86885288389924,-0.39207612671963
-35.00245899999999,24.996725999999995,-68.49837939756367,-0.01614467404185526
-25.002458999999988,24.996725999999995,-68.95173847104678,0.16579918036221936
-15.002458999999988,24.996725999999995,-69.25322621934758,0.2585097245712672
-5.0024589999999876,24.996725999999995,-69.38065595038589,0.30609384028831105
4.9975410000000124,24.996725999999995,-69.30916580920315,0.3223566640245855
14.997541000000012,24.996725999999995,-69.04876732290504,0.2793750251871571
24.997541000000012,24.996725999999995,-68.62473171803653,0.17053126638540617
34.99754100000001,24.996725999999995,-68.04753412680756,-0.04421277007081369
44.99754100000001,24.996725999999995,-67.29765022757111,-0.41574708146039047
54.99754100000001,24.996725999999995,-66.3136800406504,-0.42782381678897025
64.99754100000001,24.996725999999995,-64.2966724252174,0.6692248212991966
74.99754100000001,24.996725999999995,-59.30876722665602,1.3723212391366297
84.99754100000001,24.996725999999995,-52.05261160225304,0.8918029869160964
94.99754100000001,24.996725999999995,-44.827545383015604,0.4663769258802481
104.99754100000001,24.996725999999995,-37.61046674999999,0.17825741508185564
114.99754100000001,24.996725999999995,-30.469523904973357,0.04490690333262283
124.99754100000001,24.996725999999995,-23.284477255430062,-0.1474656609154397
134.997541,24.996725999999995,-16.755461043327557,-0.21182981940695092
144.997541,24.996725999999995,-11.766443728927202,0.10844294231706364
154.997541,24.996725999999995,-7.290108798219585,-0.4423602750794104
164.997541,24.996725999999995,-2.525260049164208,-2.376551571705151
-165.002459,34.996725999999995,-3.448242047229791,-3.721594870014527
-155.002459,34.996725999999995,-10.554571380018675,-0.5100279405540875
-145.002459,34.996725999999995,-17.503928780758557,1.168803445509971
-135.002459,34.996725999999995,-24.491607658192095,1.922812265636693
-125.00245899999999,34.996725999999995,-31.494041169172935,2.2409306715399655
-115.00245899999999,34.996725999999995,-38.49745227410208,2.284790292103101
-105.00245899999999,34.996725999999995,-45.51398260053144,2.283576788003291
-95.00245899999999,34.996725999999995,-51.868781342526695,1.9097478831402361
-85.00245899999999,34.996725999999995,-57.74969116313363,1.3498672503010405
-75.00245899999999,34.996725999999995,-62.94376491716998,0.6390540753582623
-65.00245899999999,34.996725999999995,-65.57591970820971,-0.729437604752702
-55.00245899999999,34.996725999999995,-66.63143329300777,-1.0992019834344533
-45.00245899999999,34.996725999999995,-67.41607278142695,-0.685723245891005
-35.00245899999999,34.996725999999995,-68.0262085504386,-0.292806927473833
-25.002458999999988,34.996725999999995,-68.46978308508287,-0.09351348939362705
-15.002458999999988,34.996725999999995,-68.76107112374582,0.015177750147066668
-5.0024589999999876,34.996725999999995,-68.87652931514477,0.04974773403479291
4.9975410000000124,34.996725999999995,-68.76987783089064,0.036306892496494464
14.997541000000012,34.996725999999995,-68.48499550332595,-0.010464348344386303
24.997541000000012,34.996725999999995,-68.03566141268075,-0.16929919192023646
34.99754100000001,34.996725999999995,-67.4256946722973,-0.43438867484351046
44.99754100000001,34.996725999999995,-66.63626770261439,-0.5189834269690273
54.99754100000001,34.996725999999995,-65.3363269561325,0.24935093246128634
64.99754100000001,34.996725999999995,-61.94008694457641,1.3637357029777855
74.99754100000001,34.996725999999995,-55.67596839621088,1.3498099747056007
84.99754100000001,34.996725999999995,-48.65709126279864,0.905594722122705
94.99754100000001,34.996725999999995,-41.56255918025751,0.4743796645821722
104.99754100000001,34.996725999999995,-34.523148064377686,0.148506264582147
114.99754100000001,34.996725999999995,-27.458282143853534,-0.18780503107348293
124.99754100000001,34.996725999999995,-20.523349658432707,-0.6115904176016023
134.997541,34.996725999999995,-14.962083383586084,-0.4680343783019177
144.997541,34.996725999999995,-10.735627356287427,0.04254805962909354
154.997541,34.996725999999995,-6.727088984189723,-0.4974756995789413
164.997541,34.996725999999995,-2.3218424944500504,-2.3299120689573227
-165.002459,44.996725999999995,-3.419911699908509,-3.693078228959149
-155.002459,44.996725999999995,-10.569379775510205,-0.41624966388506246
-145.002459,44.996725999999995,-17.500164547619047,1.1914069956464584
-135.002459,44.996725999999995,-24.509430589353613,1.876226156659837
-125.00245899999999,44.996725999999995,-31.509515839517622,2.0807589192035016
-115.00245899999999,44.996725999999995,-38.53185205477032,2.1940345595842072
-105.00245899999999,44.996725999999995,-44.85067357511111,1.9012418525101549
-95.00245899999999,44.996725999999995,-50.6398109452182,1.4314535335664174
-85.00245899999999,44.996725999999995,-56.008022736045405,0.9736838994703312
-75.00245899999999,44.996725999999995,-60.965360947663555,0.5744528459253323
-65.00245899999999,44.996725999999995,-64.55596220764554,-0.1659287455618332
-55.00245899999999,44.996725999999995,-66.01745659085962,-1.0418914581205203
-45.00245899999999,44.996725999999995,-66.78937420501636,-1.0194882084629342
-35.00245899999999,44.996725999999995,-67.39540277088037,-0.6857189620052095
-25.002458999999988,44.996725999999995,-67.83712125253665,-0.4342527469029612
-15.002458999999988,44.996725999999995,-68.11022021538462,-0.30138991548855254
-5.0024589999999876,44.996725999999995,-68.19614954606742,-0.26735366513687076
4.9975410000000124,44.996725999999995,-68.06494517073172,-0.3276984633633411
14.997541000000012,44.996725999999995,-67.75851770718232,-0.4215642326596942
24.997541000000012,44.996725999999995,-67.28867076034858,-0.5634461376365738
34.99754100000001,44.996725999999995,-66.64718530357143,-0.5426628781672588
44.99754100000001,44.996725999999995,-65.61993962234533,0.11387016144045596
54.99754100000001,44.996725999999995,-63.05439722167488,1.2689658049690065
64.99754100000001,44.996725999999995,-58.0147756390008,1.7092438432586219
74.99754100000001,44.996725999999995,-51.41290304100418,1.3519988811024433
84.99754100000001,44.996725999999995,-44.6511415776824,0.9286100343937417
94.99754100000001,44.996725999999995,-37.79683083148936,0.4977343765813827
104.99754100000001,44.996725999999995,-30.85164537005164,-0.040454264590983106
114.99754100000001,44.996725999999995,-23.929135339285715,-0.6993754321862748
124.99754100000001,44.996725999999995,-17.970050918544196,-0.9365431531765609
134.997541,44.996725999999995,-13.371185140871177,-0.5515516820977151
144.997541,44.996725999999995,-9.849514184104628,0.09394849871504199
154.997541,44.996725999999995,-6.230366682459677,-0.49479777186296864
164.997541,44.996725999999995,-2.20700136053719,-2.22480707090537
-165.002459,54.996725999999995,-3.440364333026679,-3.601422512231932
-155.002459,54.996725999999995,-10.49551844888476,-0.38404003162124656
-145.002459,54.996725999999995,-17.496387610545792,1.2275491302817518
-135.002459,54.996725999999995,-24.514035062797333,1.8334311850637588
-125.00245899999999,54.996725999999995,-31.526406914837576,2.089324727081065
-115.00245899999999,54.996725999999995,-37.84459723651079,1.884786364921391
-105.00245899999999,54.996725999999995,-43.64189848809524,1.524591112219418
-95.00245899999999,54.996725999999995,-48.93555500373134,1.0486161472672149
-85.00245899999999,54.996725999999995,-53.83327854448743,0.6443035797260125
-75.00245899999999,54.996725999999995,-58.32843604702495,0.37450211675588096
-65.00245899999999,54.996725999999995,-62.42954823609845,0.26034797937413756
-55.00245899999999,54.996725999999995,-64.94649606466302,-0.3804068387991232
-45.00245899999999,54.996725999999995,-66.00912995419847,-0.9924917099457528
-35.00245899999999,54.996725999999995,-66.62105046455835,-0.9886626340162039
-25.002458999999988,54.996725999999995,-67.04244019368879,-0.8149497618342528
-15.002458999999988,54.996725999999995,-67.30427017561522,-0.6550344773709057
-5.0024589999999876,54.996725999999995,-67.37163663296703,-0.6251497380996389
4.9975410000000124,54.996725999999995,-67.20006661024499,-0.7004893193727942
14.997541000000012,54.996725999999995,-66.85941512707183,-0.7076046594328509
24.997541000000012,54.996725999999995,-66.33109114675052,-0.49224345397667846
34.99754100000001,54.996725999999995,-65.33940373792487,0.26804795285670513
44.99754100000001,54.996725999999995,-63.06772549557522,1.3357760360935569
54.99754100000001,54.996725999999995,-58.79313268537549,1.8999511189658604
64.99754100000001,54.996725999999995,-52.82749946452702,1.6582583639998314
74.99754100000001,54.996725999999995,-46.53374855345395,1.2752126949082367
84.99754100000001,54.996725999999995,-40.115352813775516,0.9027404419525777
94.99754100000001,54.996725999999995,-33.53154356804734,0.37180639893853906
104.99754100000001,54.996725999999995,-26.743098463743674,-0.4918785408971534
114.99754100000001,54.996725999999995,-20.58298419744681,-1.135719748387027
124.99754100000001,54.996725999999995,-15.700300626494938,-1.1223084666309122
134.997541,54.996725999999995,-12.087863762463343,-0.39506165689178124
144.997541,54.996725999999995,-9.035967855975484,0.19525064317700874
154.997541,54.996725999999995,-5.739523957055216,-0.5363360328538047
164.997541,54.996725999999995,-2.0192056438213912,-2.2243875139876685
-165.002459,64.996726,-3.4236288298068076,-3.5418667031024564
-155.002459,64.996726,-10.462274927342255,-0.29501945575653155
-145.002459,64.996726,-17.494338940520446,1.2575172498199525
-135.002459,64.996726,-24.502774789797712,1.8819820678707828
-125.00245899999999,64.996726,-30.90375571516214,1.8811733067659746
-115.00245899999999,64.996726,-36.62525366324627,1.5268066970358318
-105.00245899999999,64.996726,-41.91004082857143,1.1144550070654782
-95.00245899999999,64.996726,-46.78243126490066,0.6994840919605707
-85.00245899999999,64.996726,-51.25265764169068,0.3432714638155257
-75.00245899999999,64.996726,-55.352969300194935,0.16334409752703732
-65.00245899999999,64.996726,-59.10270618067633,0.16851557430177513
-55.00245899999999,64.996726,-62.420303086031446,0.26194462195110335
-45.00245899999999,64.996726,-64.56275887488987,-0.0599386199059056
-35.00245899999999,64.996726,-65.56400868608094,-0.5764408149091274
-25.002458999999988,64.996726,-66.06300703703704,-0.7611307779336861
-15.002458999999988,64.996726,-66.31305353452116,-0.731380060636135
-5.0024589999999876,64.996726,-66.3516660798722,-0.6315565243532705
4.9975410000000124,64.996726,-66.10310773406376,-0.44842478668005636
14.997541000000012,64.996726,-65.54718247959184,0.04719743432061304
24.997541000000012,64.996726,-64.35784920289856,0.8170038017036265
34.99754100000001,64.996726,-61.98910747691083,1.5729855556343448
44.99754100000001,64.996726,-58.08861818218624,1.9569093210089188
54.99754100000001,64.996726,-52.87683184583333,1.8077091849183737
64.99754100000001,64.996726,-47.28642334529915,1.5793983039413402
74.99754100000001,64.996726,-41.292922094420604,1.1939745698766087
84.99754100000001,64.996726,-35.148847998303644,0.7138484084462052
94.99754100000001,64.996726,-28.741392581726743,-0.16190415689125248
104.99754100000001,64.996726,-22.69213051548117,-1.0366106460566415
114.99754100000001,64.996726,-17.65658948115688,-1.4154160290088538
124.99754100000001,64.996726,-13.846324971559634,-1.029670595942021
134.997541,64.996726,-11.025088357518403,-0.06581903620766283
144.997541,64.996726,-8.347449645093945,0.34850606928551814
154.997541,64.996726,-5.329708748186529,-0.5566967664006408
164.997541,64.996726,-1.8536520544707091,-2.254832169726248
-165.002459,74.996726,-3.4727338621323525,-3.3907382608750694
-155.002459,74.996726,-10.513895646551726,-0.11549971506404344
-145.002459,74.996726,-17.511427207111108,1.4099275635023925
-135.002459,74.996726,-23.891322143109544,1.6877212587745838
-125.00245899999999,74.996726,-29.700764676172952,1.5231337258771396
-115.00245899999999,74.996726,-34.884800904716066,1.0715733791532642
-105.00245899999999,74.996726,-39.71419313076923,0.6672943782891372
-95.00245899999999,74.996726,-44.1951303171678,0.33969992826454226
-85.00245899999999,74.996726,-48.34529737379576,0.14414088454803037
-75.00245899999999,74.996726,-52.0973340401567,0.05979018021904972
-65.00245899999999,74.996726,-55.416816639883834,0.12917029957339077
-55.00245899999999,74.996726,-58.379066361538456,0.30163048968313216
-45.00245899999999,74.996726,-61.05814346348314,0.5965772570050356
-35.00245899999999,74.996726,-62.99057268133802,0.657718877603773
-25.002458999999988,74.996726,-64.06685781111112,0.5583513454692111
-15.002458999999988,74.996726,-64.45061289236111,0.5061557892149194
-5.0024589999999876,74.996726,-64.19057853878944,0.6544516722508438
4.9975410000000124,74.996726,-63.34172044564316,1.055456861811881
14.997541000000012,74.996726,-61.841638476418865,1.4719018777567923
24.997541000000012,74.996726,-59.47276833945686,1.8132410352501056
34.99754100000001,74.996726,-55.81796034307824,1.7911362247999036
44.99754100000001,74.996726,-51.43990785089974,1.702816516525591
54.99754100000001,74.996726,-46.62454617376775,1.5886611288311854
64.99754100000001,74.996726,-41.3267954366554,1.3338646621319352
74.99754100000001,74.996726,-35.69876697038917,0.9010169022406106
84.99754100000001,74.996726,-29.77252717681895,0.10444280364693857
94.99754100000001,74.996726,-23.986762647108844,-0.8796442765767822
104.99754100000001,74.996726,-19.08992766244344,-1.4762173982192568
114.99754100000001,74.996726,-15.285042179924243,-1.3926913315680531
124.99754100000001,74.996726,-12.405976670318726,-0.6574717940336701
134.997541,74.996726,-10.147219549732622,0.32805486380210497
144.997541,74.996726,-7.707048216842105,0.42479230004917823
154.997541,74.996726,-4.898813735015773,-0.6792707109053217
164.997541,74.996726,-1.7343996939203352,-2.2896603203467754
-165.002459,84.996726,-3.411525273567468,-3.2992947530369854
-155.002459,84.996726,-10.516104201777777,0.13653591685021324
-145.002459,84.996726,-16.96378135387324,1.3415638028995964
-135.002459,84.996726,-22.772998149812736,1.4028920482369218
-125.00245899999999,84.996726,-27.944810546226414,1.005704603094353
-115.00245899999999,84.996726,-32.69498933974976,0.5704886674783691
-105.00245899999999,84.996726,-37.1810515635148,0.2947860927253317
-95.00245899999999,84.996726,-41.2920046,0.08553773418534202
-85.00245899999999,84.996726,-45.03677586509434,-0.015517371571686034
-75.00245899999999,84.996726,-48.40480582302569,0.026144160788348664
-65.00245899999999,84.996726,-51.410242597898765,0.24751428745851461
-55.00245899999999,84.996726,-53.99280677841452,0.4984258461204988
-45.00245899999999,84.996726,-56.157634001885015,0.7658559668299227
-35.00245899999999,84.996726,-57.85764820331187,1.0150102028238295
-25.002458999999988,84.996726,-58.997414500000005,1.241306449181789
-15.002458999999988,84.996726,-59.29506104600484,1.354588033411235
-5.0024589999999876,84.996726,-58.600624442636295,1.4286347787204803
4.9975410000000124,84.996726,-57.098475578595306,1.530191252066832
14.997541000000012,84.996726,-54.973983872395834,1.5314566950935622
24.997541000000012,84.996726,-52.16190651538461,1.4527952649458924
34.99754100000001,84.996726,-48.749852744644386,1.4471281077805982
44.99754100000001,84.996726,-44.7275544423408,1.4096687423361538
54.99754100000001,84.996726,-40.17227117657046,1.2499766751561912
64.99754100000001,84.996726,-35.18223360526316,0.8977915797731895
74.99754100000001,84.996726,-29.75975714225589,0.1332736641142801
84.99754100000001,84.996726,-24.466661125833333,-0.7794133282939237
94.99754100000001,84.996726,-19.879561915846015,-1.435188730970037
104.99754100000001,84.996726,-16.201114483747606,-1.5643975228898626
114.99754100000001,84.996726,-13.403986006796119,-1.04883127077677
124.99754100000001,84.996726,-11.383556505783387,0.008415509246344788
134.997541,84.996726,-9.404636191048036,0.7167367658348219
144.997541,84.996726,-7.146502891373801,0.43425409879817684
154.997541,84.996726,-4.528236734888654,-0.8230468769155005
164.997541,84.996726,-1.6049533659305995,-2.404746934190925
-165.002459,94.996726,-3.4423814879786288,-3.0141913108455856
-155.002459,94.996726,-9.968593834219858,0.17028034349496693
-145.002459,94.996726,-15.819988847963801,1.1877773380360397
-135.002459,94.996726,-21.011575518867925,0.998357575019171
-125.00245899999999,94.996726,-25.769318521988527,0.5594081898248324
-115.00245899999999,94.996726,-30.218811737704918,0.23680596531661385
-105.00245899999999,94.996726,-34.27483810939013,-0.0033985565095428637
-95.00245899999999,94.996726,-38.01188216375969,-0.07032540451172435
-85.00245899999999,94.996726,-41.395949061657035,-0.0034503649140816255
-75.00245899999999,94.996726,-44.396804396190475,0.16898575635420224
-65.00245899999999,94.996726,-46.98257387211538,0.4464542828548857
-55.00245899999999,94.996726,-49.14255220439351,0.7443648283944868
-45.00245899999999,94.996726,-50.88518793642143,1.0636407114091768
-35.00245899999999,94.996726,-51.96230746289753,1.2074869806763833
-25.002458999999988,94.996726,-52.39565907166667,1.2817062047516494
-15.002458999999988,94.996726,-51.88632825760287,1.0569660928522102
-5.0024589999999876,94.996726,-50.96271975901495,1.0051459379709424
4.9975410000000124,94.996726,-49.59201653017241,1.0813444954196647
14.997541000000012,94.996726,-47.573835708333334,1.0626621691424791
24.997541000000012,94.996726,-44.897741149026245,1.0203186386149128
34.99754100000001,94.996726,-41.62045883026756,0.9849490622082567
44.99754100000001,94.996726,-37.832651258119654,0.9086010897398001
54.99754100000001,94.996726,-33.55055061306533,0.6251722204574048
64.99754100000001,94.996726,-28.797490230240548,-0.03319933485236253
74.99754100000001,94.996726,-23.984084912438625,-0.9314108733321392
84.99754100000001,94.996726,-19.85996175573192,-1.5216510876587548
94.99754100000001,94.996726,-16.52174327634011,-1.6679938771329372
104.99754100000001,94.996726,-13.943931814065511,-1.2663581929852612
114.99754100000001,94.996726,-12.108068298006295,-0.29037410780357664
124.99754100000001,94.996726,-10.529983263100437,0.6898529321316265
134.997541,94.996726,-8.728960177228787,0.9581504300765661
144.997541,94.996726,-6.631540422198041,0.3231727919106285
154.997541,94.996726,-4.2359836493092455,-0.9973212860553446
164.997541,94.996726,-1.5017195714285716,-2.575895239758567
-165.002459,104.996726,-3.003671352730528,-3.03265787444785
-155.002459,104.996726,-8.843006877697842,-0.004508483216033518
-145.002459,104.996726,-14.147993950943397,1.0379430215821712
-135.002459,104.996726,-18.877796903567983,0.8052615552219403
-125.00245899999999,104.996726,-23.275106981589143,0.3552226811907258
-115.00245899999999,104.996726,-27.295795747826087,0.032483109715923754
-105.00245899999999,104.996726,-31.020093619649803,-0.10516989800102343
-95.00245899999999,104.996726,-34.40781445445736,-0.023328127235319754
-85.00245899999999,104.996726,-37.343279834782614,0.11671946910309773
-75.00245899999999,104.996726,-39.97197039774859,0.43837983340304576
-65.00245899999999,104.996726,-42.15567020969245,0.7731436626833792
-55.00245899999999,104.996726,-43.86738728506788,1.0854436797293967
-45.00245899999999,104.996726,-44.96084288849868,1.2344075350288874
-35.00245899999999,104.996726,-45.43824271766695,1.247846274043488
-25.002458999999988,104.996726,-45.0937697295082,0.938085682254356
-15.002458999999988,104.996726,-44.458767299818845,0.6983854288199894
-5.0024589999999876,104.996726,-43.64362670468611,0.6857893531451258
4.9975410000000124,104.996726,-42.250548933217694,0.6634406724462576
14.997541000000012,104.996726,-40.26950008885017,0.6239756212826557
24.997541000000012,104.996726,-37.68804708017242,0.558680007623162
34.99754100000001,104.996726,-34.57915699056604,0.45277583065828025
44.99754100000001,104.996726,-30.98889705421687,0.19625139886158371
54.99754100000001,104.996726,-26.72749863149079,-0.5459284001778727
64.99754100000001,104.996726,-22.68841118212766,-1.2233982959649259
74.99754100000001,104.996726,-19.104205706570657,-1.7214140651040672
84.99754100000001,104.996726,-16.19029060056391,-1.8021913719390228
94.99754100000001,104.996726,-13.928617604926108,-1.4267928380704942
104.99754100000001,104.996726,-12.303940868530022,-0.5585434158016404
114.99754100000001,104.996726,-11.034480892039257,0.49337704388133474
124.99754100000001,104.996726,-9.661043284302963,1.0814588590812937
134.997541,104.996726,-8.077199282608696,0.9839598966452547
144.997541,104.996726,-6.166607591154261,0.09418484785883799
154.997541,104.996726,-3.928934574650913,-1.2852060165885455
164.997541,104.996726,-1.4005687168803418,-2.8200699785545207
-165.002459,114.996726,-2.310182610375276,-3.1972781699850654
-155.002459,114.996726,-7.164246432306257,-0.5365452623374731
-145.002459,114.996726,-12.002241287749289,0.9054351427341263
-135.002459,114.996726,-16.378177423828127,0.8919951432320342
-125.00245899999999,114.996726,-20.38044437073171,0.4379415139024873
-115.00245899999999,114.996726,-24.026506690408358,0.07661560123080717
-105.00245899999999,114.996726,-27.379467401373898,0.024691806282675803
-95.00245899999999,114.996726,-30.36730426959847,0.17333540862110952
-85.00245899999999,114.996726,-32.98907578062678,0.495943640307824
-75.00245899999999,114.996726,-35.17031713295881,0.8378588120470443
-65.00245899999999,114.996726,-36.874830697440586,1.1716477629374193
-55.00245899999999,114.996726,-37.97662945278024,1.3258579634600274
-45.00245899999999,114.996726,-38.46191259256055,1.3041233516606678
-35.00245899999999,114.996726,-38.18418924770642,0.92897173580517
-25.002458999999988,114.996726,-37.81345878244972,0.6596819056358862
-15.002458999999988,114.996726,-37.302848899365365,0.49488467788098844
-5.0024589999999876,114.996726,-36.45337448211092,0.4210615496552465
4.9975410000000124,114.996726,-34.95610120711111,0.26812501375767384
14.997541000000012,114.996726,-32.99171738488271,0.14545391673509148
24.997541000000012,114.996726,-30.482484054468088,-0.05395997374418466
34.99754100000001,114.996726,-27.4372652674216,-0.415201810225912
44.99754100000001,114.996726,-24.01197980167364,-0.996543247546677
54.99754100000001,114.996726,-20.624113072033897,-1.593292446558006
64.99754100000001,114.996726,-17.649297018666665,-1.9631765768868787
74.99754100000001,114.996726,-15.201776499531396,-1.9836462815114981
84.99754100000001,114.996726,-13.34414578690127,-1.572548799351176
94.99754100000001,114.996726,-12.042088500522466,-0.7074115627285088
104.99754100000001,114.996726,-11.002723537527594,0.2664052308466088
114.99754100000001,114.996726,-9.919167502207507,0.9228911871980973
124.99754100000001,114.996726,-8.713381807280514,1.0730740268294787
134.997541,114.996726,-7.318180931769722,0.6502995387720011
144.997541,114.996726,-5.670883497393118,-0.3178556093833788
154.997541,114.996726,-3.6562078472958643,-1.612761132881861
164.997541,114.996726,-1.3022843669222344,-3.1323171566475225
-165.002459,124.996726,-1.3678992733446522,-3.636115637055242
-155.002459,124.996726,-5.002004072761195,-1.5853156197712346
-145.002459,124.996726,-9.407783173333334,0.48878372057146036
-135.002459,124.996726,-13.443940206997084,1.052845721265905
-125.00245899999999,124.996726,-17.096564131034484,0.8054109832432503
-115.00245899999999,124.996726,-20.435418078034683,0.5202687628422665
-105.00245899999999,124.996726,-23.386316826704547,0.43532218244550225
-95.00245899999999,124.996726,-25.97375828985507,0.631655668431736
-85.00245899999999,124.996726,-28.129223521655437,0.9257873521499673
-75.00245899999999,124.996726,-29.859509277272725,1.2663285811240617
-65.00245899999999,124.996726,-31.01805956287944,1.4993128204823996
-55.00245899999999,124.996726,-31.459902055315467,1.4306491182023162
-45.00245899999999,124.996726,-31.312058562037034,1.0959154295444455
-35.00245899999999,124.996726,-31.094590916134916,0.8173796440623007
-25.002458999999988,124.996726,-30.769397024456524,0.5472815885039088
-15.002458999999988,124.996726,-30.291540378256958,0.39058020045872666
-5.0024589999999876,124.996726,-29.281516074573226,0.15965404127359734
4.9975410000000124,124.996726,-27.787668652863434,-0.0669238655105088
14.997541000000012,124.996726,-25.815476258064514,-0.3648297614310664
24.997541000000012,124.996726,-23.311597460122698,-0.8609010316202363
34.99754100000001,124.996726,-20.49519489841799,-1.4917727681448887
44.99754100000001,124.996726,-17.92775744530577,-1.8955347885878677
54.99754100000001,124.996726,-15.6350278507326,-2.112104047939715
64.99754100000001,124.996726,-13.768449565714285,-1.9894765194391653
74.99754100000001,124.996726,-12.32155090029615,-1.536776615943583
84.99754100000001,124.996726,-11.273023255838641,-0.7771840323811843
94.99754100000001,124.996726,-10.417010782417583,0.030313180906558747
104.99754100000001,124.996726,-9.596530948801744,0.6411163520082624
114.99754100000001,124.996726,-8.682279465193371,0.8482078531721964
124.99754100000001,124.996726,-7.6257108535519125,0.5888827587271218
134.997541,124.996726,-6.40390669047619,-0.06564336836680525
144.997541,124.996726,-4.978967586206897,-0.9864360189334577
154.997541,124.996726,-3.2816873506224065,-2.0516507552704413
164.997541,124.996726,-1.213946895768834,-3.46721572914181
-165.002459,134.996726,-0.4562480165289256,-4.219355692839098
-155.002459,134.996726,-2.4992118949999997,-3.0857870812043062
-145.002459,134.996726,-6.467247051330799,-0.6259327009197176
-135.002459,134.996726,-10.098288814492753,0.7791767958936657
-125.00245899999999,134.996726,-13.457131314638783,1.1812793413221185
-115.00245899999999,134.996726,-16.395582032411824,1.110237329484269
-105.00245899999999,134.996726,-18.987513946131244,1.076939868786035
-95.00245899999999,134.996726,-21.161434488929892,1.216054746514927
-85.00245899999999,134.996726,-22.815877478703705,1.391686006652397
-75.00245899999999,134.996726,-23.980859022261797,1.570639413938316
-65.00245899999999,134.996726,-24.47808527480246,1.5321707323757305
-55.00245899999999,134.996726,-24.43996434898711,1.2671072419313105
-45.00245899999999,134.996726,-24.30993833833177,0.9871453841636462
-35.00245899999999,134.996726,-24.14606436329588,0.7173028205878554
-25.002458999999988,134.996726,-23.883090822594877,0.48527797299317094
-15.002458999999988,134.996726,-23.23653194383057,0.18674454391437828
-5.0024589999999876,134.996726,-22.1383496285461,-0.15445955757715327
4.9975410000000124,134.996726,-20.552802358724534,-0.6230508327139599
14.997541000000012,134.996726,-18.672948778938206,-1.1433986974261092
24.997541000000012,134.996726,-16.749246911035073,-1.588998836032618
34.99754100000001,134.996726,-14.888654513876457,-1.9200197335894433
44.99754100000001,134.996726,-13.30213307728558,-1.9706341080797198
54.99754100000001,134.996726,-11.97107198939248,-1.7710103127347954
64.99754100000001,134.996726,-10.9177175,-1.316937461105012
74.99754100000001,134.996726,-10.017518750533048,-0.7802171540861417
84.99754100000001,134.996726,-9.264708079059828,-0.2310879244262927
94.99754100000001,134.996726,-8.597259446581196,0.1786978312548094
104.99754100000001,134.996726,-7.967637559523809,0.35304550405054563
114.99754100000001,134.996726,-7.257365969409282,0.19999953299204692
124.99754100000001,134.996726,-6.3706856168623265,-0.29340953735489156
134.997541,134.996726,-5.3429037535753565,-0.9672550973398585
144.997541,134.996726,-4.094153731182796,-1.77975206825136
154.997541,134.996726,-2.642018030398323,-2.705473370058755
164.997541,134.996726,-0.9281357489316239,-4.006320832896728
-165.002459,144.996726,nan,nan
-155.002459,144.996726,-0.9325307205128204,-3.9556885404157303
-145.002459,144.996726,-3.1158954304889743,-2.6168579112307033
-135.002459,144.996726,-6.482255475073314,-0.5382683793673508
-125.00245899999999,144.996726,-9.38991961904762,0.6874716083188471
-115.00245899999999,144.996726,-11.994563680568719,1.2575386841433795
-105.00245899999999,144.996726,-14.15551500932836,1.4597005786683959
-95.00245899999999,144.996726,-15.867897594812165,1.5690212719936636
-85.00245899999999,144.996726,-16.96194830992098,1.5401072862030087
-75.00245899999999,144.996726,-17.52401485383244,1.4580740233906504
-65.00245899999999,144.996726,-17.499536060296847,1.10269857404421
-55.00245899999999,144.996726,-17.469439308118083,0.841970032707075
-45.00245899999999,144.996726,-17.419494190564293,0.5984170712042339
-35.00245899999999,144.996726,-17.334839229508194,0.39847653728233634
-25.002458999999988,144.996726,-16.95292778506375,0.08514406334213322
-15.002458999999988,144.996726,-16.255516541516247,-0.28497676818932155
-5.0024589999999876,144.996726,-15.184209147826085,-0.7672842476264784
4.9975410000000124,144.996726,-14.034175889867843,-1.1703205770919871
14.997541000000012,144.996726,-12.80994635930339,-1.5130556977158884
24.997541000000012,144.996726,-11.678100142300195,-1.67716768030096
34.99754100000001,144.996726,-10.622522337944664,-1.7127773478233137
44.99754100000001,144.996726,-9.721464525720165,-1.5221370539018964
54.99754100000001,144.996726,-8.906693103081828,-1.2563186701916398
64.99754100000001,144.996726,-8.209185951629863,-0.9285779292116547
74.99754100000001,144.996726,-7.564676837953091,-0.677825072383951
84.99754100000001,144.996726,-6.994453731629393,-0.5040621565369298
94.99754100000001,144.996726,-6.5054340809935205,-0.47742142449659414
104.99754100000001,144.996726,-6.052373842502697,-0.6031623377259407
114.99754100000001,144.996726,-5.580266340106952,-0.8641432297813479
124.99754100000001,144.996726,-4.920322332974138,-1.3330651460920406
134.997541,144.996726,-4.05891773196986,-1.9418976312756755
144.997541,144.996726,-3.024686427331887,-2.643547012383332
154.997541,144.996726,-1.7842903195652173,-3.582392502834227
164.997541,144.996726,-0.5553614597014925,-4.6596679620051065
-165.002459,154.996726,nan,nan
-155.002459,154.996726,nan,nan
-145.002459,154.996726,-0.9213071142857141,-3.926579104292835
-135.002459,154.996726,-2.53061324975025,-2.9194371928872473
-125.00245899999999,154.996726,-4.986920320647003,-1.377045141971374
-115.00245899999999,154.996726,-7.142632108309991,-0.23224919593712515
-105.00245899999999,154.996726,-8.871463505154638,0.43345119650374964
-95.00245899999999,154.996726,-9.982691261840928,0.6053923850985498
-85.00245899999999,154.996726,-10.478381145338208,0.418280158945763
-75.00245899999999,154.996726,-10.449782463414634,-0.04180683470308842
-65.00245899999999,154.996726,-10.49701552251407,-0.31738965641541933
-55.00245899999999,154.996726,-10.492697563770795,-0.558514083216374
-45.00245899999999,154.996726,-10.53721077458256,-0.692275941298448
-35.00245899999999,154.996726,-10.43317494095941,-0.8757515310871345
-25.002458999999988,154.996726,-10.082590755494506,-1.1683439085768386
-15.002458999999988,154.996726,-9.61079949321267,-1.4542963221227365
-5.0024589999999876,154.996726,-8.998894914772727,-1.7410466641926094
4.9975410000000124,154.996726,-8.404279358166189,-1.9062654860551862
14.997541000000012,154.996726,-7.772802417721519,-2.0191257091115564
24.997541000000012,154.996726,-7.194372067527309,-1.995453783656282
34.99754100000001,154.996726,-6.5974491222664025,-1.9484181024040363
44.99754100000001,154.996726,-6.096667187689204,-1.7919564693250556
54.99754100000001,154.996726,-5.6347595913757695,-1.6363399676888486
64.99754100000001,154.996726,-5.1870188247639035,-1.530849616372017
74.99754100000001,154.996726,-4.781332731914893,-1.4942830039715889
84.99754100000001,154.996726,-4.419008064881566,-1.5344446736964716
94.99754100000001,154.996726,-4.123044984732824,-1.6482381832977078
104.99754100000001,154.996726,-3.816525444924406,-1.8777188022452795
114.99754100000001,154.996726,-3.5628616932185144,-2.111407857501901
124.99754100000001,154.996726,-3.204906772678762,-2.4275251808704437
134.997541,154.996726,-2.624331481203008,-2.9310115997548563
144.997541,154.996726,-1.7770005966209081,-3.6929289375755405
154.997541,154.996726,-0.7880108592677346,-4.654646801092427
164.997541,154.996726,-0.18719666470588237,-5.323299797825322
-165.002459,164.996726,nan,nan
-155.002459,164.996726,nan,nan
-145.002459,164.996726,nan,nan
-135.002459,164.996726,-0.449867,-4.110198758690073
-125.00245899999999,164.996726,-1.3140069577702702,-3.5558265943764233
-115.00245899999999,164.996726,-2.2811641752360963,-2.9867136915067167
-105.00245899999999,164.996726,-3.0013743577092513,-2.7739227458773787
-95.00245899999999,164.996726,-3.5309654053811657,-2.694914010586479
-85.00245899999999,164.996726,-3.526287153628652,-3.019204541135602
-75.00245899999999,164.996726,-3.498614371296296,-3.2680510828661755
-65.00245899999999,164.996726,-3.527613009345794,-3.380857904456238
-55.00245899999999,164.996726,-3.531209079887218,-3.480987129553903
-45.00245899999999,164.996726,-3.476401358070501,-3.57587751115637
-35.00245899999999,164.996726,-3.4888742647601476,-3.5710567805605953
-25.002458999999988,164.996726,-3.382318796992481,-3.628544588178317
-15.002458999999988,164.996726,-3.197157737873135,-3.6847210955410117
-5.0024589999999876,164.996726,-3.028216722063037,-3.6589036025465314
4.9975410000000124,164.996726,-2.847921618395303,-3.5876105130609424
14.997541000000012,164.996726,-2.6737732740667974,-3.47411775797633
24.997541000000012,164.996726,-2.4593146891891893,-3.371741478799251
34.99754100000001,164.996726,-2.2632419898373985,-3.25103244900251
44.99754100000001,164.996726,-2.121828477948718,-3.090442861863698
54.99754100000001,164.996726,-1.9577344963579604,-2.988037149359464
64.99754100000001,164.996726,-1.8171704883248734,-2.9215518898934283
74.99754100000001,164.996726,-1.6758269706190976,-2.9355898777582876
84.99754100000001,164.996726,-1.5555512006302519,-3.016931877712271
94.99754100000001,164.996726,-1.4502166268656715,-3.1715731631182065
104.99754100000001,164.996726,-1.3621616491596638,-3.3810958456433284
114.99754100000001,164.996726,-1.244830926124197,-3.668409850757742
124.99754100000001,164.996726,-1.1626198880675818,-3.9208237868025737
134.997541,164.996726,-0.903700659375,-4.340424126581578
144.997541,164.996726,-0.5497511205357144,-4.874827523136724
154.997541,164.996726,-0.1928030117647059,-5.424384707648914
164.997541,164.996726,nan,nan
