center_x,center_y,center_z,error
-165.002459,-165.003274,nan,nan
-162.002459,-165.003274,nan,nan
-159.002459,-165.003274,nan,nan
-156.002459,-165.003274,nan,nan
-153.002459,-165.003274,nan,nan
-150.002459,-165.003274,nan,nan
-147.002459,-165.003274,nan,nan
-144.002459,-165.003274,nan,nan
-141.002459,-165.003274,nan,nan
-138.002459,-165.003274,nan,nan
-135.002459,-165.003274,nan,nan
-132.002459,-165.003274,-0.12033745454545454,-5.096490752563815
-129.002459,-165.003274,-0.3379813582089552,-4.945322522470443
-126.00245899999999,-165.003274,-0.5769969761904762,-4.813179398362929
-123.00245899999999,-165.003274,-0.8110499836065574,-4.710932974838674
-120.00245899999999,-165.003274,-1.0938387248322148,-4.558554152942589
-117.00245899999999,-165.003274,-1.3830360034722222,-4.424968756711015
-114.00245899999999,-165.003274,-1.6481162460431655,-4.33265167010229
-111.00245899999999,-165.003274,-1.924166752512563,-4.232316761792573
-108.00245899999999,-165.003274,-2.1807207848101267,-4.149261867856707
-105.00245899999999,-165.003274,-2.421781856837607,-4.079617966978465
-102.00245899999999,-165.003274,-2.6320819949799197,-4.036240345618044
-99.00245899999999,-165.003274,-2.817050330143541,-3.9978472188436487
-96.00245899999999,-165.003274,-2.999015470319635,-3.940014246387235
-93.00245899999999,-165.003274,-3.1568152404274263,-3.890416718203245
-90.00245899999999,-165.003274,-3.3057390105540896,-3.8295961104439105
-87.00245899999999,-165.003274,-3.4162367938053095,-3.7938554480053446
-84.00245899999999,-165.003274,-3.4667053067873304,-3.7930532320550534
-81.00245899999999,-165.003274,-3.46050014922657,-3.8282233221909143
-78.00245899999999,-165.003274,-3.4642130694063926,-3.836589255536545
-75.00245899999999,-165.003274,-3.444027598173516,-3.856654378614171
-72.00245899999999,-165.003274,-3.4689963931159418,-3.826045985285968
-69.00245899999999,-165.003274,-3.4555868339382942,-3.827614957608112
-66.00245899999999,-165.003274,-3.452684487804878,-3.8151516966545014
-63.00245899999999,-165.003274,-3.45301202189781,-3.7926824278237756
-60.00245899999999,-165.003274,-3.454727577594123,-3.7676633851594694
-57.00245899999999,-165.003274,-3.4713987849954253,-3.7270014730853966
-54.00245899999999,-165.003274,-3.443395430286242,-3.728064928741811
-51.00245899999999,-165.003274,-3.4392317388888887,-3.704888524486955
-48.00245899999999,-165.003274,-3.441218227741331,-3.672695069736065
-45.00245899999999,-165.003274,-3.4586335452847807,-3.627467826288311
-42.00245899999999,-165.003274,-3.481065479477612,-3.579745510543977
-39.00245899999999,-165.003274,-3.448061978801843,-3.5839377271052624
-36.00245899999999,-165.003274,-3.4370197889400917,-3.5718848586389793
-33.00245899999999,-165.003274,-3.4046297314390466,-3.580619187859797
-30.002458999999988,-165.003274,-3.3957772573800735,-3.566870636077962
-27.002458999999988,-165.003274,-3.398782851102941,-3.542174449128926
-24.002458999999988,-165.003274,-3.407330004599816,-3.510696788173775
-21.002458999999988,-165.003274,-3.432483080675422,-3.466033125117897
-18.002458999999988,-165.003274,-3.4302191100746264,-3.4485404870011367
-15.002458999999988,-165.003274,-3.4392538843283584,-3.421305501841875
-12.002458999999988,-165.003274,-3.4234328443830573,-3.417967103314602
-9.002458999999988,-165.003274,-3.4341932397388057,-3.3852584887474233
-6.0024589999999876,-165.003274,-3.461126186629526,-3.3351767414767215
-3.0024589999999876,-165.003274,-3.47884551637044,-3.295013724448338
-0.0024589999999875545,-165.003274,-3.5012246981481483,-3.249525673289835
2.9975410000000124,-165.003274,-3.486125048014774,-3.243815056677579
5.9975410000000124,-165.003274,-3.4701328203483044,-3.2348601959881105
8.997541000000012,-165.003274,-3.4277977420526793,-3.250982036256979
11.997541000000012,-165.003274,-3.4216495894160586,-3.2311164730246555
14.997541000000012,-165.003274,-3.4463303627272723,-3.180216028149913
17.997541000000012,-165.003274,-3.472305371191136,-3.12291178458355
20.997541000000012,-165.003274,-3.496162948196115,-3.0704107264925127
23.997541000000012,-165.003274,-3.4705480444033303,-3.06699551358322
26.997541000000012,-165.003274,-3.427553870967742,-3.0844752419602837
29.997541000000012,-165.003274,-3.4270100549954168,-3.06259904969854
32.99754100000001,-165.003274,-3.426441448529412,-3.03432814782185
35.99754100000001,-165.003274,-3.436023829690346,-2.999294409321205
38.99754100000001,-165.003274,-3.440601130355515,-2.971723426596048
41.99754100000001,-165.003274,-3.4562981453224344,-2.9323286241646063
44.99754100000001,-165.003274,-3.457377629090909,-2.9100777966930345
47.99754100000001,-165.003274,-3.4474680639853745,-2.902665731770619
50.99754100000001,-165.003274,-3.417015367552704,-2.9159268372133793
53.99754100000001,-165.003274,-3.4126574945355186,-2.910275242179668
56.99754100000001,-165.003274,-3.4291869972577693,-2.8782406231218416
59.99754100000001,-165.003274,-3.4524873209990745,-2.8475485827341345
62.99754100000001,-165.003274,-3.4819854179943768,-2.805595787754303
65.99754100000001,-165.003274,-3.4874173399246704,-2.794925639000304
68.99754100000001,-165.003274,-3.4773476186440675,-2.795313009411084
71.99754100000001,-165.003274,-3.4559126208487085,-2.8063664349781208
74.99754100000001,-165.003274,-3.414280807447775,-2.8352220486387263
77.99754100000001,-165.003274,-3.4089222094288303,-2.829392502261431
80.99754100000001,-165.003274,-3.418116970882621,-2.804685066155877
83.99754100000001,-165.003274,-3.4554196461961504,-2.7507746470961547
86.99754100000001,-165.003274,-3.448454860829493,-2.737216207454323
89.99754100000001,-165.003274,-3.4351802945521697,-2.7341673832846856
92.99754100000001,-165.003274,-3.3919102385406923,-2.75037401562851
95.99754100000001,-165.003274,-3.4002148740671645,-2.710156053281264
98.99754100000001,-165.003274,-3.448587274311927,-2.615268042848628
101.99754100000001,-165.003274,-3.487024323868678,-2.515828160865698
104.99754100000001,-165.003274,-3.4831774302925993,-2.442556550907167
107.99754100000001,-165.003274,-3.37051332225064,-2.4523620557168497
110.99754100000001,-165.003274,-3.2246350683760685,-2.4626375761119865
113.99754100000001,-165.003274,-3.014761710549259,-2.529048042008233
116.99754100000001,-165.003274,-2.8137752676443633,-2.5671226982227466
119.99754100000001,-165.003274,-2.5798827899322365,-2.6134051088027874
122.99754100000001,-165.003274,-2.3233997843551797,-2.664432506467228
125.99754100000001,-165.003274,-2.040412497679814,-2.7432592036046732
128.997541,-165.003274,-1.7317536162943494,-2.8649495412875
131.997541,-165.003274,-1.4237723223787164,-3.008543763641349
134.997541,-165.003274,-1.116091166998012,-3.1625310915656715
137.997541,-165.003274,-0.8346448905325443,-3.3051215121734447
140.997541,-165.003274,-0.5895527542857143,-3.4204937823955865
143.997541,-165.003274,-0.3394673076923077,-3.557886227343916
146.997541,-165.003274,-0.06517628571428571,-3.738234482513223
149.997541,-165.003274,nan,nan
152.997541,-165.003274,nan,nan
155.997541,-165.003274,nan,nan
158.997541,-165.003274,nan,nan
161.997541,-165.003274,nan,nan
164.997541,-165.003274,nan,nan
-165.002459,-162.003274,nan,nan
-162.002459,-162.003274,nan,nan
-159.002459,-162.003274,nan,nan
-156.002459,-162.003274,nan,nan
-153.002459,-162.003274,nan,nan
-150.002459,-162.003274,nan,nan
-147.002459,-162.003274,nan,nan
-144.002459,-162.003274,nan,nan
-141.002459,-162.003274,nan,nan
-138.002459,-162.003274,-0.0011045,nan
-135.002459,-162.003274,-0.29141446808510635,-5.028906856088773
-132.002459,-162.003274,-0.5504468219178081,-4.897584466302058
-129.002459,-162.003274,-0.8118293966101694,-4.780034447530777
-126.00245899999999,-162.003274,-1.1031217818574515,-4.6539842887270755
-123.00245899999999,-162.003274,-1.4393792667757774,-4.508590745684799
-120.00245899999999,-162.003274,-1.7746061029023745,-4.393945819520662
-117.00245899999999,-162.003274,-2.0956586853932584,-4.309281076638065
-114.00245899999999,-162.003274,-2.4260006312127236,-4.2260395799842145
-111.00245899999999,-162.003274,-2.8152162572227404,-4.075578574837171
-108.00245899999999,-162.003274,-3.2383290578512396,-3.8917798004195374
-105.00245899999999,-162.003274,-3.6928143634686346,-3.6691633802533894
-102.00245899999999,-162.003274,-4.112808977715877,-3.462898436574987
-99.00245899999999,-162.003274,-4.493295543119266,-3.2833290936267288
-96.00245899999999,-162.003274,-4.829935023360288,-3.1253638180770644
-93.00245899999999,-162.003274,-5.09109074686941,-3.01742599648901
-90.00245899999999,-162.003274,-5.285145200530035,-2.956277415607252
-87.00245899999999,-162.003274,-5.435890987511151,-2.9175432895220905
-84.00245899999999,-162.003274,-5.540110942446043,-2.902133997712269
-81.00245899999999,-162.003274,-5.6035682723132965,-2.8952665196176195
-78.00245899999999,-162.003274,-5.615964488990826,-2.912185189579081
-75.00245899999999,-162.003274,-5.6083875287037035,-2.9305802220110784
-72.00245899999999,-162.003274,-5.587270767889908,-2.951989315373064
-69.00245899999999,-162.003274,-5.591670660185184,-2.938130814052543
-66.00245899999999,-162.003274,-5.571384061922367,-2.942608673318294
-63.00245899999999,-162.003274,-5.602427752548656,-2.8930448176619787
-60.00245899999999,-162.003274,-5.614253385981309,-2.859898047135862
-57.00245899999999,-162.003274,-5.6181170808550185,-2.833140935051839
-54.00245899999999,-162.003274,-5.618365114043356,-2.8103582402650775
-51.00245899999999,-162.003274,-5.625763585687382,-2.7771110799903944
-48.00245899999999,-162.003274,-5.636979025592417,-2.7369220136961254
-45.00245899999999,-162.003274,-5.635811340525328,-2.7075662897250203
-42.00245899999999,-162.003274,-5.635640042870457,-2.6806830191658775
-39.00245899999999,-162.003274,-5.595810317843866,-2.6937623944964324
-36.00245899999999,-162.003274,-5.58671141643324,-2.677219442545641
-33.00245899999999,-162.003274,-5.582624805425631,-2.6585218971959113
-30.002458999999988,-162.003274,-5.576696160528801,-2.640004800087515
-27.002458999999988,-162.003274,-5.570512067796611,-2.6229055247351365
-24.002458999999988,-162.003274,-5.573239431539188,-2.597182254381216
-21.002458999999988,-162.003274,-5.612428516190476,-2.5382354213064082
-18.002458999999988,-162.003274,-5.612037201513718,-2.5175741141252517
-15.002458999999988,-162.003274,-5.640580565258215,-2.47027317275432
-12.002458999999988,-162.003274,-5.628275437732341,-2.46144812104862
-9.002458999999988,-162.003274,-5.65354482787652,-2.4141807481430635
-6.0024589999999876,-162.003274,-5.655532222222223,-2.388755038213617
-3.0024589999999876,-162.003274,-5.6435411663533825,-2.3753889227246816
-0.0024589999999875545,-162.003274,-5.637325864689529,-2.3546673347791316
2.9975410000000124,-162.003274,-5.611684962177122,-2.351907692110771
5.9975410000000124,-162.003274,-5.602572044280443,-2.333163912834446
8.997541000000012,-162.003274,-5.602227359665427,-2.306899196781197
11.997541000000012,-162.003274,-5.597397282771535,-2.28452681380182
14.997541000000012,-162.003274,-5.60560495526561,-2.2455073071810165
17.997541000000012,-162.003274,-5.636551147663551,-2.182917552544311
20.997541000000012,-162.003274,-5.650287481000927,-2.138112344379265
23.997541000000012,-162.003274,-5.666874182407407,-2.090212012293909
26.997541000000012,-162.003274,-5.63477473015873,-2.093545594481419
29.997541000000012,-162.003274,-5.592979498123827,-2.1052547651725173
32.99754100000001,-162.003274,-5.545187911596958,-2.1244900535398155
35.99754100000001,-162.003274,-5.547021625818521,-2.0942612586535674
38.99754100000001,-162.003274,-5.547798861940299,-2.0712689248309832
41.99754100000001,-162.003274,-5.587535538817006,-2.0112083085506924
44.99754100000001,-162.003274,-5.604668814061055,-1.9729247206846785
47.99754100000001,-162.003274,-5.598172705009276,-1.9574008819541122
50.99754100000001,-162.003274,-5.608273669158879,-1.9273566552696444
53.99754100000001,-162.003274,-5.5843122504690434,-1.9351977037930737
56.99754100000001,-162.003274,-5.584085776105362,-1.9216301820023511
59.99754100000001,-162.003274,-5.599900076199435,-1.8988382943298456
62.99754100000001,-162.003274,-5.608825453947369,-1.8801228141138573
65.99754100000001,-162.003274,-5.606363673913044,-1.876301956841788
68.99754100000001,-162.003274,-5.609093661611374,-1.8620132360473285
71.99754100000001,-162.003274,-5.570076756373937,-1.8921425988916585
74.99754100000001,-162.003274,-5.556821896713616,-1.8931978304397998
77.99754100000001,-162.003274,-5.578569284910965,-1.864197601485069
80.99754100000001,-162.003274,-5.575677625818521,-1.8567383068939327
83.99754100000001,-162.003274,-5.593166935694315,-1.8264629445589118
86.99754100000001,-162.003274,-5.579242710798122,-1.823744654734202
89.99754100000001,-162.003274,-5.588212240827846,-1.7959745587475802
92.99754100000001,-162.003274,-5.574025580769231,-1.7766804479704095
95.99754100000001,-162.003274,-5.608156529580152,-1.708878854063188
98.99754100000001,-162.003274,-5.617160809082484,-1.6432653127356804
101.99754100000001,-162.003274,-5.597929270870337,-1.5812376914177682
104.99754100000001,-162.003274,-5.497516649869678,-1.5670211688404112
107.99754100000001,-162.003274,-5.328918099999999,-1.5836800384894298
110.99754100000001,-162.003274,-5.082451481481482,-1.6549723254382303
113.99754100000001,-162.003274,-4.805835153439153,-1.7286809326459922
116.99754100000001,-162.003274,-4.455369439285715,-1.8507626179571417
119.99754100000001,-162.003274,-4.047446924187725,-2.0102676718427532
122.99754100000001,-162.003274,-3.5590812955801105,-2.234115511503835
125.99754100000001,-162.003274,-3.037084785447761,-2.462371999362094
128.997541,-162.003274,-2.550251092322643,-2.6705295376214297
131.997541,-162.003274,-2.1237454957356077,-2.836943007517086
134.997541,-162.003274,-1.7545117757125155,-2.9640643648897926
137.997541,-162.003274,-1.3910001026438568,-3.1052580681333293
140.997541,-162.003274,-1.0492118197424893,-3.2543133211774795
143.997541,-162.003274,-0.7674494927536232,-3.3647825609675253
146.997541,-162.003274,-0.4906659268292683,-3.4933235802050504
149.997541,-162.003274,-0.21282549999999997,-3.6530750626034516
152.997541,-162.003274,nan,nan
155.997541,-162.003274,nan,nan
158.997541,-162.003274,nan,nan
161.997541,-162.003274,nan,nan
164.997541,-162.003274,nan,nan
-165.002459,-159.003274,nan,nan
-162.002459,-159.003274,nan,nan
-159.002459,-159.003274,nan,nan
-156.002459,-159.003274,nan,nan
-153.002459,-159.003274,nan,nan
-150.002459,-159.003274,nan,nan
-147.002459,-159.003274,nan,nan
-144.002459,-159.003274,nan,nan
-141.002459,-159.003274,-0.14338050000000002,-5.189644061249465
-138.002459,-159.003274,-0.4169954395604396,-5.031156434526477
-135.002459,-159.003274,-0.7330176943231442,-4.862762943029663
-132.002459,-159.003274,-1.0273224593301435,-4.746950656770522
-129.002459,-159.003274,-1.3650982988313858,-4.61624222073365
-126.00245899999999,-159.003274,-1.7147991164921466,-4.512750391387098
-123.00245899999999,-159.003274,-2.1270844127516777,-4.383240575173363
-120.00245899999999,-159.003274,-2.6056782847082496,-4.206803125214539
-117.00245899999999,-159.003274,-3.1455289435406697,-3.9608596807279195
-114.00245899999999,-159.003274,-3.7282992581547068,-3.679795619366861
-111.00245899999999,-159.003274,-4.320068325023085,-3.381960104569978
-108.00245899999999,-159.003274,-4.843515462825278,-3.1413732070775118
-105.00245899999999,-159.003274,-5.344514837057728,-2.9094364054699264
-102.00245899999999,-159.003274,-5.798026286245353,-2.72258431851171
-99.00245899999999,-159.003274,-6.237909687786961,-2.5443722153278143
-96.00245899999999,-159.003274,-6.606152842857143,-2.4138461647049687
-93.00245899999999,-159.003274,-6.921351818911686,-2.310422130472889
-90.00245899999999,-159.003274,-7.164867445430347,-2.24624128689864
-87.00245899999999,-159.003274,-7.371595275245756,-2.1833426196589314
-84.00245899999999,-159.003274,-7.54963012735426,-2.123107555050085
-81.00245899999999,-159.003274,-7.649974437837838,-2.1032036186177185
-78.00245899999999,-159.003274,-7.691374276518585,-2.1143914492337323
-75.00245899999999,-159.003274,-7.686457206043955,-2.145682276091509
-72.00245899999999,-159.003274,-7.663040246336997,-2.174382063065315
-69.00245899999999,-159.003274,-7.682428747456059,-2.148745095340948
-66.00245899999999,-159.003274,-7.680323973073352,-2.134468746198854
-63.00245899999999,-159.003274,-7.706962792435425,-2.0859728836617215
-60.00245899999999,-159.003274,-7.704863458563534,-2.0634781747258106
-57.00245899999999,-159.003274,-7.690334725925926,-2.046843409063309
-54.00245899999999,-159.003274,-7.7001987622180454,-2.0100547486876383
-51.00245899999999,-159.003274,-7.685320225285171,-1.9949062339002641
-48.00245899999999,-159.003274,-7.7175635499999995,-1.9334090520053069
-45.00245899999999,-159.003274,-7.693405852443609,-1.9241760429187114
-42.00245899999999,-159.003274,-7.692911747201492,-1.8972376429650248
-39.00245899999999,-159.003274,-7.697768830206378,-1.8659492446024462
-36.00245899999999,-159.003274,-7.71491334424696,-1.8216684324934407
-33.00245899999999,-159.003274,-7.727537316666667,-1.783341404177886
-30.002458999999988,-159.003274,-7.72328367481203,-1.7595743874934577
-27.002458999999988,-159.003274,-7.723165902071563,-1.7334620707457993
-24.002458999999988,-159.003274,-7.715353202843602,-1.715760402118245
-21.002458999999988,-159.003274,-7.716801704716982,-1.6904696711898244
-18.002458999999988,-159.003274,-7.713331132394367,-1.67669660589821
-15.002458999999988,-159.003274,-7.708135195551436,-1.6593661666304405
-12.002458999999988,-159.003274,-7.700608604608294,-1.643186093076303
-9.002458999999988,-159.003274,-7.693660524770643,-1.6229254534894952
-6.0024589999999876,-159.003274,-7.70252785532302,-1.5868504991649464
-3.0024589999999876,-159.003274,-7.6968031974169735,-1.5669707919301972
-0.0024589999999875545,-159.003274,-7.695852685609534,-1.5392552824221881
2.9975410000000124,-159.003274,-7.694346846011132,-1.5124302671994196
5.9975410000000124,-159.003274,-7.668749193097015,-1.5054308139292643
8.997541000000012,-159.003274,-7.68262350140845,-1.4630270554475346
11.997541000000012,-159.003274,-7.678835019699812,-1.4404633768419204
14.997541000000012,-159.003274,-7.664568694883722,-1.4235420247926198
17.997541000000012,-159.003274,-7.666010231267346,-1.3898456790460472
20.997541000000012,-159.003274,-7.673599334251605,-1.3471789739763187
23.997541000000012,-159.003274,-7.694564896583564,-1.2911561985468876
26.997541000000012,-159.003274,-7.709101425650558,-1.2435230529675891
29.997541000000012,-159.003274,-7.720034246948356,-1.2006489137255731
32.99754100000001,-159.003274,-7.70642249904943,-1.1848886079179244
35.99754100000001,-159.003274,-7.690511188625593,-1.1727149932011405
38.99754100000001,-159.003274,-7.681224403591683,-1.1606097418268786
41.99754100000001,-159.003274,-7.662246829471734,-1.15590635399239
44.99754100000001,-159.003274,-7.680412476584021,-1.1146503829175884
47.99754100000001,-159.003274,-7.699626522058823,-1.0734591339174866
50.99754100000001,-159.003274,-7.7108688753488375,-1.0361811324461074
53.99754100000001,-159.003274,-7.685080120037807,-1.047545904841348
56.99754100000001,-159.003274,-7.678670831119544,-1.0412076328343713
59.99754100000001,-159.003274,-7.707470809389671,-1.006426486612418
62.99754100000001,-159.003274,-7.699399711340205,-1.0094303809221432
65.99754100000001,-159.003274,-7.728954167446211,-0.9751031722351944
68.99754100000001,-159.003274,-7.732025574647888,-0.9620337025522334
71.99754100000001,-159.003274,-7.70546436423841,-0.979508591837618
74.99754100000001,-159.003274,-7.685582604364327,-0.9952295210519554
77.99754100000001,-159.003274,-7.689402566413663,-0.9933183191480421
80.99754100000001,-159.003274,-7.704081614730877,-0.9838279590841856
83.99754100000001,-159.003274,-7.701983779868298,-0.9879515619607204
86.99754100000001,-159.003274,-7.701370734655335,-0.987092011973962
89.99754100000001,-159.003274,-7.710289246240601,-0.9707561775708822
92.99754100000001,-159.003274,-7.776185378199053,-0.8860781962309567
95.99754100000001,-159.003274,-7.782281024029576,-0.8430478811317931
98.99754100000001,-159.003274,-7.732087104651163,-0.8252782432661149
101.99754100000001,-159.003274,-7.59009513084922,-0.8547437655398558
104.99754100000001,-159.003274,-7.398316442918454,-0.8957880461607934
107.99754100000001,-159.003274,-7.189131628596339,-0.9098506271120544
110.99754100000001,-159.003274,-6.892759753777778,-0.981188914755985
113.99754100000001,-159.003274,-6.5521069893048125,-1.0530085773335462
116.99754100000001,-159.003274,-6.153551950672646,-1.1511668300181184
119.99754100000001,-159.003274,-5.687999678798908,-1.2872619288606282
122.99754100000001,-159.003274,-5.150775890232557,-1.4850670458020236
125.99754100000001,-159.003274,-4.568967653119093,-1.7148040432996585
128.997541,-159.003274,-3.934364413662239,-2.007851315121804
131.997541,-159.003274,-3.2516058346080303,-2.3517733613260488
134.997541,-159.003274,-2.634537931479642,-2.6441954672491783
137.997541,-159.003274,-2.0769152332233225,-2.8924341072011615
140.997541,-159.003274,-1.6082412174479164,-3.0855264079939153
143.997541,-159.003274,-1.224048561188811,-3.2203157586607616
146.997541,-159.003274,-0.8945318034188035,-3.338606098675689
149.997541,-159.003274,-0.600153175,-3.4604053724468216
152.997541,-159.003274,-0.25293111904761906,-3.653363206741105
155.997541,-159.003274,nan,nan
158.997541,-159.003274,nan,nan
161.997541,-159.003274,nan,nan
164.997541,-159.003274,nan,nan
-165.002459,-156.003274,nan,nan
-162.002459,-156.003274,nan,nan
-159.002459,-156.003274,nan,nan
-156.002459,-156.003274,nan,nan
-153.002459,-156.003274,nan,nan
-150.002459,-156.003274,nan,nan
-147.002459,-156.003274,nan,nan
-144.002459,-156.003274,-0.25089909374999997,-5.157378960049019
-141.002459,-156.003274,-0.569859925925926,-4.977532157264256
-138.002459,-156.003274,-0.8662526442953019,-4.858401137107791
-135.002459,-156.003274,-1.2043757509727626,-4.712682630107354
-132.002459,-156.003274,-1.597797636740332,-4.579020552599266
-129.002459,-156.003274,-2.0292225972696247,-4.4528584091444605
-126.00245899999999,-156.003274,-2.58064558805668,-4.232227442411492
-123.00245899999999,-156.003274,-3.217522861165049,-3.9455549801848195
-120.00245899999999,-156.003274,-3.923145176923077,-3.5859673069869
-117.00245899999999,-156.003274,-4.595770847473784,-3.251490927212625
-114.00245899999999,-156.003274,-5.222322682719548,-2.969455715355117
-111.00245899999999,-156.003274,-5.816834583643122,-2.7157307937926642
-108.00245899999999,-156.003274,-6.39586954443405,-2.475931082638645
-105.00245899999999,-156.003274,-6.952638922932331,-2.25917009606751
-102.00245899999999,-156.003274,-7.480986046816479,-2.067202355288387
-99.00245899999999,-156.003274,-7.929334368324125,-1.9486655148134755
-96.00245899999999,-156.003274,-8.323290521699818,-1.8563890523952953
-93.00245899999999,-156.003274,-8.67589466576087,-1.7749322465583652
-90.00245899999999,-156.003274,-8.9753616875,-1.7025198494698164
-87.00245899999999,-156.003274,-9.246054787989081,-1.6228870766594208
-84.00245899999999,-156.003274,-9.46430144524887,-1.5581536094641504
-81.00245899999999,-156.003274,-9.636799444242973,-1.5058194090131873
-78.00245899999999,-156.003274,-9.771306181081082,-1.452854754889128
-75.00245899999999,-156.003274,-9.829887450090743,-1.4366489022927706
-72.00245899999999,-156.003274,-9.854158733333334,-1.424430121464416
-69.00245899999999,-156.003274,-9.844381709825528,-1.424449921513344
-66.00245899999999,-156.003274,-9.817642722273998,-1.4304154632403603
-63.00245899999999,-156.003274,-9.807705590073528,-1.4112005487456563
-60.00245899999999,-156.003274,-9.816695778288867,-1.3713552441150314
-57.00245899999999,-156.003274,-9.808894707294552,-1.3411603631734788
-54.00245899999999,-156.003274,-9.83586536999068,-1.2793667936449464
-51.00245899999999,-156.003274,-9.80439494128788,-1.2714279237144952
-48.00245899999999,-156.003274,-9.794283510377358,-1.2462536131601005
-45.00245899999999,-156.003274,-9.763882423696684,-1.2373548208740752
-42.00245899999999,-156.003274,-9.751802113721805,-1.2136871177042414
-39.00245899999999,-156.003274,-9.766699062969925,-1.1710544939328138
-36.00245899999999,-156.003274,-9.78524708566108,-1.1217585851794367
-33.00245899999999,-156.003274,-9.805962173630455,-1.075969569805984
-30.002458999999988,-156.003274,-9.83151838411215,-1.0219725644198911
-27.002458999999988,-156.003274,-9.823633253295668,-1.0007907515315488
-24.002458999999988,-156.003274,-9.821034261363636,-0.972678434640467
-21.002458999999988,-156.003274,-9.809190955868544,-0.9529725144636396
-18.002458999999988,-156.003274,-9.812528436856875,-0.9221666717370139
-15.002458999999988,-156.003274,-9.811062305990784,-0.8991006301886822
-12.002458999999988,-156.003274,-9.81645017706422,-0.8709494288623153
-9.002458999999988,-156.003274,-9.799458202391905,-0.8583852346167891
-6.0024589999999876,-156.003274,-9.775552332417583,-0.8498020372317946
-3.0024589999999876,-156.003274,-9.784871289156628,-0.8112462827036927
-0.0024589999999875545,-156.003274,-9.761226201465202,-0.8004538597603462
2.9975410000000124,-156.003274,-9.778074240073868,-0.7547117801579573
5.9975410000000124,-156.003274,-9.786458562499998,-0.7136094143555579
8.997541000000012,-156.003274,-9.795571179342724,-0.6762075959102206
11.997541000000012,-156.003274,-9.79938693457944,-0.6416493422558788
14.997541000000012,-156.003274,-9.777744451582867,-0.6302542859933888
17.997541000000012,-156.003274,-9.775498519925856,-0.6006596317469591
20.997541000000012,-156.003274,-9.754927519444445,-0.5866608336958504
23.997541000000012,-156.003274,-9.75804922037037,-0.5488199616819658
26.997541000000012,-156.003274,-9.776615459534884,-0.49443068852844346
29.997541000000012,-156.003274,-9.792770047797564,-0.4448170680464797
32.99754100000001,-156.003274,-9.843415820075759,-0.3658565430956487
35.99754100000001,-156.003274,-9.81547594491928,-0.36068101009059816
38.99754100000001,-156.003274,-9.793409606291707,-0.35546451731804557
41.99754100000001,-156.003274,-9.782930732580038,-0.3412709855761276
44.99754100000001,-156.003274,-9.760320355201499,-0.34004745505927103
47.99754100000001,-156.003274,-9.779634765420562,-0.30092984893024055
50.99754100000001,-156.003274,-9.758902171052632,-0.2955217750734277
53.99754100000001,-156.003274,-9.788423548233048,-0.24923299240187513
56.99754100000001,-156.003274,-9.812088233111322,-0.21298526460487813
59.99754100000001,-156.003274,-9.82296230597015,-0.19656015649363143
62.99754100000001,-156.003274,-9.825309319366852,-0.18930016822021262
65.99754100000001,-156.003274,-9.811928369990682,-0.2030202968737945
68.99754100000001,-156.003274,-9.816597404694836,-0.20050227332199969
71.99754100000001,-156.003274,-9.813306476235741,-0.20890886437017245
74.99754100000001,-156.003274,-9.80741441316794,-0.2263897347746922
77.99754100000001,-156.003274,-9.804378063567363,-0.24258443268544436
80.99754100000001,-156.003274,-9.788263509487667,-0.27317544083357975
83.99754100000001,-156.003274,-9.772164113314448,-0.30627035334558367
86.99754100000001,-156.003274,-9.786895784090907,-0.3054144297806882
89.99754100000001,-156.003274,-9.835831378858744,-0.26436879241100064
92.99754100000001,-156.003274,-9.878548846863469,-0.2130063437820015
95.99754100000001,-156.003274,-9.860053672086721,-0.19119571397140453
98.99754100000001,-156.003274,-9.737790596816975,-0.22610529330317805
101.99754100000001,-156.003274,-9.522247810026386,-0.29860307605092246
104.99754100000001,-156.003274,-9.273412709849158,-0.35074530771852247
107.99754100000001,-156.003274,-8.99834082078853,-0.3908912401268174
110.99754100000001,-156.003274,-8.665881812215131,-0.4428109831044749
113.99754100000001,-156.003274,-8.23613716302368,-0.5406574631063178
116.99754100000001,-156.003274,-7.750806768949771,-0.6580287857105311
119.99754100000001,-156.003274,-7.222272220994475,-0.7772093936783051
122.99754100000001,-156.003274,-6.645173363466915,-0.9227087370739675
125.99754100000001,-156.003274,-6.045764607379376,-1.0945347592537085
128.997541,-156.003274,-5.3843049771428575,-1.3249898010053045
131.997541,-156.003274,-4.65014193120155,-1.6480564266397937
134.997541,-156.003274,-3.900343504373178,-2.0059128042433607
137.997541,-156.003274,-3.096999801766438,-2.42999364722037
140.997541,-156.003274,-2.3991792020408163,-2.7594933346136514
143.997541,-156.003274,-1.8204410651920837,-2.9957497937889
146.997541,-156.003274,-1.3346197789473682,-3.1944050374118618
149.997541,-156.003274,-0.96103343,-3.3381441895562958
152.997541,-156.003274,-0.6285910680628273,-3.45826479947306
155.997541,-156.003274,-0.3051983214285715,-3.6079506157071193
158.997541,-156.003274,nan,nan
161.997541,-156.003274,nan,nan
164.997541,-156.003274,nan,nan
-165.002459,-153.003274,nan,nan
-162.002459,-153.003274,nan,nan
-159.002459,-153.003274,nan,nan
-156.002459,-153.003274,nan,nan
-153.002459,-153.003274,nan,nan
-150.002459,-153.003274,nan,nan
-147.002459,-153.003274,-0.31417303846153843,-5.116350840939631
-144.002459,-153.003274,-0.6504095113636363,-4.949327101349259
-141.002459,-153.003274,-0.9577920298913043,-4.857315807307873
-138.002459,-153.003274,-1.3280185124792014,-4.719793749714135
-135.002459,-153.003274,-1.790086973880597,-4.536254911655632
-132.002459,-153.003274,-2.3619131060924374,-4.331327518924202
-129.002459,-153.003274,-2.9962139192118227,-4.07735690915629
-126.00245899999999,-153.003274,-3.762009012633625,-3.690033275719374
-123.00245899999999,-153.003274,-4.554562101364523,-3.270357605803446
-120.00245899999999,-153.003274,-5.313319689721421,-2.8997851639720333
-117.00245899999999,-153.003274,-6.018295256924547,-2.5928591158221193
-114.00245899999999,-153.003274,-6.692078487666034,-2.3227061848417683
-111.00245899999999,-153.003274,-7.320346143127962,-2.110638792491363
-108.00245899999999,-153.003274,-7.924996892147587,-1.924544567980694
-105.00245899999999,-153.003274,-8.511013264957265,-1.7711448794561047
-102.00245899999999,-153.003274,-9.045938149097815,-1.652620964298529
-99.00245899999999,-153.003274,-9.552511773532153,-1.5333708545144633
-96.00245899999999,-153.003274,-9.970303464879853,-1.4715578192203245
-93.00245899999999,-153.003274,-10.37966445646196,-1.3949254874339965
-90.00245899999999,-153.003274,-10.762437249541286,-1.2969691521217048
-87.00245899999999,-153.003274,-11.093292233730521,-1.2064308638935748
-84.00245899999999,-153.003274,-11.366069058181816,-1.1254231087937778
-81.00245899999999,-153.003274,-11.579187642599278,-1.0668686741532123
-78.00245899999999,-153.003274,-11.74716223716814,-1.0079749661070239
-75.00245899999999,-153.003274,-11.869001005305039,-0.9517395672592369
-72.00245899999999,-153.003274,-11.939546528049867,-0.9098585638036789
-69.00245899999999,-153.003274,-11.934518745257453,-0.9066434659254046
-66.00245899999999,-153.003274,-11.927225359778596,-0.89389755088093
-63.00245899999999,-153.003274,-11.902945121212122,-0.8847122937400529
-60.00245899999999,-153.003274,-11.913783112637363,-0.8363618971948806
-57.00245899999999,-153.003274,-11.934459346826127,-0.7710662274300061
-54.00245899999999,-153.003274,-11.922996386679001,-0.7315187151139513
-51.00245899999999,-153.003274,-11.917704442015209,-0.6886262961725321
-48.00245899999999,-153.003274,-11.908767410933082,-0.652940246170352
-45.00245899999999,-153.003274,-11.921425901904762,-0.601083637078099
-42.00245899999999,-153.003274,-11.917418439736348,-0.5673967746960258
-39.00245899999999,-153.003274,-11.90753036380773,-0.5424796319025766
-36.00245899999999,-153.003274,-11.910536731162791,-0.5042535892935052
-33.00245899999999,-153.003274,-11.889884827331485,-0.4953323983798239
-30.002458999999988,-153.003274,-11.889104026851852,-0.4601731786575983
-27.002458999999988,-153.003274,-11.885511932960894,-0.42576868062882695
-24.002458999999988,-153.003274,-11.891245925751878,-0.38107213804876583
-21.002458999999988,-153.003274,-11.909723890551916,-0.3289480571517795
-18.002458999999988,-153.003274,-11.895136044817928,-0.30848094261363534
-15.002458999999988,-153.003274,-11.884251675576037,-0.2897224727279765
-12.002458999999988,-153.003274,-11.880103981668194,-0.25906098030349034
-9.002458999999988,-153.003274,-11.876388919117646,-0.23355837902215282
-6.0024589999999876,-153.003274,-11.87533952631579,-0.19946157409904747
-3.0024589999999876,-153.003274,-11.882609978504673,-0.1620313378903467
-0.0024589999999875545,-153.003274,-11.875936670411985,-0.13451590992939705
2.9975410000000124,-153.003274,-11.907084709345794,-0.07192820426804244
5.9975410000000124,-153.003274,-11.915107781544256,-0.030397195841044413
8.997541000000012,-153.003274,-11.920597268109123,0.010635264190838269
11.997541000000012,-153.003274,-11.924865324906369,0.047924735312125814
14.997541000000012,-153.003274,-11.90801661393597,0.06517151793238377
17.997541000000012,-153.003274,-11.914758368715082,0.10425099631606988
20.997541000000012,-153.003274,-11.89982503358209,0.12412144925144969
23.997541000000012,-153.003274,-11.911659466234967,0.17112036141957276
26.997541000000012,-153.003274,-11.907489413345692,0.20214735007339885
29.997541000000012,-153.003274,-11.889012682242992,0.2148274117909171
32.99754100000001,-153.003274,-11.889909962511714,0.24333581846423144
35.99754100000001,-153.003274,-11.889824034155598,0.27564886962317897
38.99754100000001,-153.003274,-11.89493214353612,0.310808939180014
41.99754100000001,-153.003274,-11.90465894239849,0.3481677663267395
44.99754100000001,-153.003274,-11.88246272934473,0.3503156754716069
47.99754100000001,-153.003274,-11.901543209541629,0.38707682138628224
50.99754100000001,-153.003274,-11.924448715759851,0.4290509607559822
53.99754100000001,-153.003274,-11.952491868991517,0.475360135938132
56.99754100000001,-153.003274,-11.94682812982126,0.48524345595542556
59.99754100000001,-153.003274,-11.922402235403151,0.4678116784086756
62.99754100000001,-153.003274,-11.93405783318057,0.4792990723519378
65.99754100000001,-153.003274,-11.911243415129153,0.4473521040477137
68.99754100000001,-153.003274,-11.9009645340803,0.42135669791432384
71.99754100000001,-153.003274,-11.897994116477273,0.3983624037814523
74.99754100000001,-153.003274,-11.912040854146806,0.3878183517075782
77.99754100000001,-153.003274,-11.90880167549669,0.3622029238469754
80.99754100000001,-153.003274,-11.889648627264062,0.31180488321802635
83.99754100000001,-153.003274,-11.897771977099236,0.2871158082938981
86.99754100000001,-153.003274,-11.935051579245284,0.2922547280633826
89.99754100000001,-153.003274,-11.950398228519196,0.29546752528581205
92.99754100000001,-153.003274,-11.903343432769368,0.2661035660073118
95.99754100000001,-153.003274,-11.78562251923077,0.20593540449549397
98.99754100000001,-153.003274,-11.601924995640802,0.13136453582694757
101.99754100000001,-153.003274,-11.382412950398583,0.08350293133010801
104.99754100000001,-153.003274,-11.10635304688909,0.03630773718356988
107.99754100000001,-153.003274,-10.75146801174345,-0.03490028913952425
110.99754100000001,-153.003274,-10.353266193812557,-0.08732705343374737
113.99754100000001,-153.003274,-9.877334286624205,-0.16653606114359945
116.99754100000001,-153.003274,-9.33556766789668,-0.272470794613861
119.99754100000001,-153.003274,-8.757566481203009,-0.3681352109291384
122.99754100000001,-153.003274,-8.10746724857685,-0.5014698853515542
125.99754100000001,-153.003274,-7.463155225095785,-0.6281076029530995
128.997541,-153.003274,-6.751352267364415,-0.8159321784860984
131.997541,-153.003274,-5.995439983653847,-1.0652018025427874
134.997541,-153.003274,-5.206507249761677,-1.371360455519958
137.997541,-153.003274,-4.366666787849566,-1.7595691458952605
140.997541,-153.003274,-3.469492624282983,-2.2289465600928673
143.997541,-153.003274,-2.6475983439048565,-2.6362025649741474
146.997541,-153.003274,-1.9547089834801765,-2.939959201171094
149.997541,-153.003274,-1.360452890625,-3.227365034206705
152.997541,-153.003274,-0.9702864262295083,-3.352427055112475
155.997541,-153.003274,-0.618699212871287,-3.471392265563061
158.997541,-153.003274,-0.2664161702127659,-3.640972375281527
161.997541,-153.003274,nan,nan
164.997541,-153.003274,nan,nan
-165.002459,-150.003274,nan,nan
-162.002459,-150.003274,nan,nan
-159.002459,-150.003274,nan,nan
-156.002459,-150.003274,nan,nan
-153.002459,-150.003274,-0.00111,nan
-150.002459,-150.003274,-0.3316779285714286,-5.116306661515247
-147.002459,-150.003274,-0.6744409748743718,-4.9581669662305865
-144.002459,-150.003274,-1.0260270264423077,-4.838689423034231
-141.002459,-150.003274,-1.4040547776119403,-4.714102044183425
-138.002459,-150.003274,-1.9605932862108921,-4.488284737877969
-135.002459,-150.003274,-2.6168176574074073,-4.218118809896253
-132.002459,-150.003274,-3.401947192982456,-3.8478651301749385
-129.002459,-150.003274,-4.263264012609118,-3.395564581476381
-126.00245899999999,-150.003274,-5.063305419323671,-3.015066891740184
-123.00245899999999,-150.003274,-5.880228545192307,-2.623115467374202
-120.00245899999999,-150.003274,-6.652190313333333,-2.304104839619968
-117.00245899999999,-150.003274,-7.396339827160494,-2.0374278289071412
-114.00245899999999,-150.003274,-8.11587393220339,-1.8148632298654583
-111.00245899999999,-150.003274,-8.786251212464592,-1.6493147495255975
-108.00245899999999,-150.003274,-9.446414451219512,-1.5005011430542419
-105.00245899999999,-150.003274,-10.072835587017874,-1.3686627638001925
-102.00245899999999,-150.003274,-10.62469286440678,-1.302980144870964
-99.00245899999999,-150.003274,-11.15306018455744,-1.227325521658479
-96.00245899999999,-150.003274,-11.635718592417062,-1.1671614264846717
-93.00245899999999,-150.003274,-12.086190532701423,-1.1044539004225733
-90.00245899999999,-150.003274,-12.519430647224835,-1.0132677664705838
-87.00245899999999,-150.003274,-12.901170426976744,-0.9121380072176761
-84.00245899999999,-150.003274,-13.197913014814814,-0.8498908428676946
-81.00245899999999,-150.003274,-13.492429041856234,-0.7481231479961887
-78.00245899999999,-150.003274,-13.703270696269984,-0.6721101297177622
-75.00245899999999,-150.003274,-13.896021094618057,-0.5726976934046987
-72.00245899999999,-150.003274,-13.988969241767764,-0.5335925583422859
-69.00245899999999,-150.003274,-14.00435516931217,-0.5299345268804405
-66.00245899999999,-150.003274,-14.00663534150772,-0.5162711829221287
-63.00245899999999,-150.003274,-13.963295022119816,-0.5223319490746926
-60.00245899999999,-150.003274,-13.969284239150507,-0.47190482010081464
-57.00245899999999,-150.003274,-13.985126159153634,-0.4021850660265229
-54.00245899999999,-150.003274,-13.992449145622121,-0.3390387841980247
-51.00245899999999,-150.003274,-14.012123264595104,-0.267655765460289
-48.00245899999999,-150.003274,-14.010178810861424,-0.22079719350500318
-45.00245899999999,-150.003274,-14.024467777039847,-0.16093119788155846
-42.00245899999999,-150.003274,-14.038508280751175,-0.10156200192855533
-39.00245899999999,-150.003274,-14.036906781220658,-0.055226491108541095
-36.00245899999999,-150.003274,-14.023739108208956,-0.023827351805919602
-33.00245899999999,-150.003274,-14.006812654275093,0.001766318247438111
-30.002458999999988,-150.003274,-14.002076615384615,0.037602043084295274
-27.002458999999988,-150.003274,-13.998944542723002,0.07457758126303436
-24.002458999999988,-150.003274,-13.9812868245283,0.10434301985373506
-21.002458999999988,-150.003274,-13.98917930195713,0.15719662503576942
-18.002458999999988,-150.003274,-13.957335774011298,0.16953014407395547
-15.002458999999988,-150.003274,-13.981535964651163,0.2319684348685721
-12.002458999999988,-150.003274,-13.976189741845293,0.2645603116673938
-9.002458999999988,-150.003274,-13.997650106343283,0.32035600848275053
-6.0024589999999876,-150.003274,-14.005570174115457,0.3647447520056321
-3.0024589999999876,-150.003274,-14.017741427502337,0.41208516499706943
-0.0024589999999875545,-150.003274,-13.991937487781955,0.4270885944910176
2.9975410000000124,-150.003274,-13.981437545197739,0.4567449221081235
5.9975410000000124,-150.003274,-13.973099403027437,0.4865799483666126
8.997541000000012,-150.003274,-13.993734416195858,0.5394134877782122
11.997541000000012,-150.003274,-14.002477682495345,0.5803545912177549
14.997541000000012,-150.003274,-14.008008704948647,0.6158325245802059
17.997541000000012,-150.003274,-14.00267106186519,0.644211425591085
20.997541000000012,-150.003274,-14.02237853488372,0.6968138399918307
23.997541000000012,-150.003274,-14.02099001858736,0.7296226908671312
26.997541000000012,-150.003274,-14.011985446529081,0.7493606821401464
29.997541000000012,-150.003274,-13.984585667938932,0.7508141137797729
32.99754100000001,-150.003274,-13.953333309160305,0.7475321888989228
35.99754100000001,-150.003274,-13.984238028790788,0.8065318477510222
38.99754100000001,-150.003274,-13.995740820709493,0.8503948330373867
41.99754100000001,-150.003274,-13.99963408962264,0.8856560692303441
44.99754100000001,-150.003274,-14.016375735849055,0.922382142738884
47.99754100000001,-150.003274,-14.011395147388061,0.9384029054822689
50.99754100000001,-150.003274,-14.031144682156134,0.9721896583351014
53.99754100000001,-150.003274,-14.044264000927646,1.000794792462277
56.99754100000001,-150.003274,-14.035779767034992,1.0034042586076444
59.99754100000001,-150.003274,-14.014343683195593,0.9910309760561499
62.99754100000001,-150.003274,-14.023170326363637,0.9940439596667097
65.99754100000001,-150.003274,-14.013505058171745,0.9644249007421636
68.99754100000001,-150.003274,-14.009208297752808,0.9322149420096429
71.99754100000001,-150.003274,-14.013033483443708,0.9083784820247357
74.99754100000001,-150.003274,-14.015423076045629,0.8754243786598249
77.99754100000001,-150.003274,-14.02923365630885,0.8455700382805607
80.99754100000001,-150.003274,-14.024329265151517,0.7886777331154422
83.99754100000001,-150.003274,-14.036142903591683,0.7547696109474553
86.99754100000001,-150.003274,-14.057072544362292,0.746383172698835
89.99754100000001,-150.003274,-13.998034674774775,0.6868409086528653
92.99754100000001,-150.003274,-13.895451379982285,0.614813461982888
95.99754100000001,-150.003274,-13.737880816521738,0.5314783020678951
98.99754100000001,-150.003274,-13.51524588704028,0.44173609588325363
101.99754100000001,-150.003274,-13.247138458259325,0.3790159156641252
104.99754100000001,-150.003274,-12.89039579601088,0.28874410856770005
107.99754100000001,-150.003274,-12.455007541552511,0.18856351775512223
110.99754100000001,-150.003274,-11.981104444139195,0.11904470406292277
113.99754100000001,-150.003274,-11.46666676243094,0.060452949897495854
116.99754100000001,-150.003274,-10.852081086142322,-0.047310277500727756
119.99754100000001,-150.003274,-10.227042019736842,-0.11890380029927919
122.99754100000001,-150.003274,-9.544028172053231,-0.20145900378020046
125.99754100000001,-150.003274,-8.853340365714287,-0.2714282072728656
128.997541,-150.003274,-8.091126247863249,-0.41366462814957716
131.997541,-150.003274,-7.274047706666667,-0.6157105001681172
134.997541,-150.003274,-6.440521513615024,-0.8517833080324255
137.997541,-150.003274,-5.581544700846661,-1.1722454731466652
140.997541,-150.003274,-4.660571353107344,-1.6034042654144074
143.997541,-150.003274,-3.7187569222011385,-2.0713786821765154
146.997541,-150.003274,-2.7740722791828794,-2.566832855816038
149.997541,-150.003274,-1.961613937431394,-2.962042051893329
152.997541,-150.003274,-1.3479573125,-3.235543950625385
155.997541,-150.003274,-0.9341706447688564,-3.3714138701266942
158.997541,-150.003274,-0.5608066144578314,-3.513313412215619
161.997541,-150.003274,-0.20779646428571427,-3.661896106312702
164.997541,-150.003274,nan,nan
-165.002459,-147.003274,nan,nan
-162.002459,-147.003274,nan,nan
-159.002459,-147.003274,nan,nan
-156.002459,-147.003274,nan,nan
-153.002459,-147.003274,-0.30176158,-5.144104200956174
-150.002459,-147.003274,-0.6635486030927835,-4.978558375702281
-147.002459,-147.003274,-1.0360426821345707,-4.85787862852868
-144.002459,-147.003274,-1.4656703062937064,-4.704881816189159
-141.002459,-147.003274,-2.0575262110497237,-4.461713624618057
-138.002459,-147.003274,-2.8118718651026393,-4.12167275995439
-135.002459,-147.003274,-3.690486631831256,-3.680757894857592
-132.002459,-147.003274,-4.585911706666667,-3.2257966338931765
-129.002459,-147.003274,-5.475174074712644,-2.7851197933972482
-126.00245899999999,-147.003274,-6.328745958494209,-2.400564488657488
-123.00245899999999,-147.003274,-7.176699076997113,-2.0626041027242747
-120.00245899999999,-147.003274,-7.972062455066922,-1.8119053685755762
-117.00245899999999,-147.003274,-8.747562828871894,-1.6004991659022436
-114.00245899999999,-147.003274,-9.498074834274954,-1.440682191771181
-111.00245899999999,-147.003274,-10.22623828720379,-1.3015627084471204
-108.00245899999999,-147.003274,-10.897823285848173,-1.215579028359464
-105.00245899999999,-147.003274,-11.53014350802644,-1.1446816712076375
-102.00245899999999,-147.003274,-12.120174253561252,-1.1020413142900878
-99.00245899999999,-147.003274,-12.690391117982873,-1.058846041653264
-96.00245899999999,-147.003274,-13.240656705769233,-1.0018096708142938
-93.00245899999999,-147.003274,-13.744374728571426,-0.9335190074052969
-90.00245899999999,-147.003274,-14.208849272897195,-0.8498627319938314
-87.00245899999999,-147.003274,-14.62802628228782,-0.75619185504116
-84.00245899999999,-147.003274,-14.972323439338236,-0.6861458401742808
-81.00245899999999,-147.003274,-15.290853878292461,-0.5919356866873708
-78.00245899999999,-147.003274,-15.538834450578804,-0.5155405467034611
-75.00245899999999,-147.003274,-15.748137346921073,-0.4334847049044241
-72.00245899999999,-147.003274,-15.91766854310345,-0.3475984309589514
-69.00245899999999,-147.003274,-16.04167781436077,-0.2663337771253338
-66.00245899999999,-147.003274,-16.09119138537906,-0.22055419280830008
-63.00245899999999,-147.003274,-16.09270150276243,-0.1958600560896883
-60.00245899999999,-147.003274,-16.084736103896102,-0.15872307468422003
-57.00245899999999,-147.003274,-16.071267588018433,-0.11516533230271964
-54.00245899999999,-147.003274,-16.078705255555555,-0.049554060418807395
-51.00245899999999,-147.003274,-16.10064834737828,0.034255829554849786
-48.00245899999999,-147.003274,-16.088390433644857,0.08456027804588119
-45.00245899999999,-147.003274,-16.088813623584905,0.14360030929986609
-42.00245899999999,-147.003274,-16.07319680075188,0.18203884566236522
-39.00245899999999,-147.003274,-16.08161676203966,0.23991531608180922
-36.00245899999999,-147.003274,-16.072592195692888,0.28479423125984693
-33.00245899999999,-147.003274,-16.075015856074767,0.3357601980019482
-30.002458999999988,-147.003274,-16.084263143522833,0.3917835472289433
-27.002458999999988,-147.003274,-16.092033165575305,0.44908568415653155
-24.002458999999988,-147.003274,-16.124829161380596,0.5309946118613318
-21.002458999999988,-147.003274,-16.09780000925926,0.5586840806283372
-18.002458999999988,-147.003274,-16.111508716697937,0.6191696105112606
-15.002458999999988,-147.003274,-16.079603937383176,0.6374094090722168
-12.002458999999988,-147.003274,-16.06810980605487,0.6731719286834617
-9.002458999999988,-147.003274,-16.07753306805293,0.7293436790477165
-6.0024589999999876,-147.003274,-16.097184901701326,0.7912855442295944
-3.0024589999999876,-147.003274,-16.12277553063148,0.856626007655065
-0.0024589999999875545,-147.003274,-16.135232004721438,0.9097119009401917
2.9975410000000124,-147.003274,-16.101408552930053,0.919140456238442
5.9975410000000124,-147.003274,-16.093270599622286,0.9502066325389545
8.997541000000012,-147.003274,-16.073718756326148,0.9671841321827354
11.997541000000012,-147.003274,-16.09799658627087,1.0230858787008459
14.997541000000012,-147.003274,-16.12974676858736,1.0850670044573356
17.997541000000012,-147.003274,-16.138751788602942,1.126725555870398
20.997541000000012,-147.003274,-16.132161675551473,1.1518486481671004
23.997541000000012,-147.003274,-16.09148638121547,1.142934596218453
26.997541000000012,-147.003274,-16.083803268156426,1.1624597944926223
29.997541000000012,-147.003274,-16.095173781042654,1.1989793261132584
32.99754100000001,-147.003274,-16.11090786832061,1.2384344503244926
35.99754100000001,-147.003274,-16.118828312380952,1.2706226387703
38.99754100000001,-147.003274,-16.11776540171756,1.293296177500945
41.99754100000001,-147.003274,-16.116823582781457,1.3138291089338867
44.99754100000001,-147.003274,-16.133198286527517,1.3498314243945202
47.99754100000001,-147.003274,-16.108165766635427,1.3456473412432148
50.99754100000001,-147.003274,-16.0949064273743,1.3479667338369732
53.99754100000001,-147.003274,-16.094514418348624,1.3603910176580447
56.99754100000001,-147.003274,-16.078842350183823,1.3552178591971344
59.99754100000001,-147.003274,-16.087874546040513,1.3657664685608268
62.99754100000001,-147.003274,-16.05843279726027,1.3334699612167704
65.99754100000001,-147.003274,-16.097579604263206,1.3394406527772602
68.99754100000001,-147.003274,-16.098959720821664,1.305908792030653
71.99754100000001,-147.003274,-16.101883535612536,1.265684345906356
74.99754100000001,-147.003274,-16.09646389980916,1.2100776678815224
77.99754100000001,-147.003274,-16.10131111715089,1.1593182712504226
80.99754100000001,-147.003274,-16.141878315936626,1.1357974762868932
83.99754100000001,-147.003274,-16.151677234061932,1.097116145509498
86.99754100000001,-147.003274,-16.099264084955752,1.0273357550182878
89.99754100000001,-147.003274,-15.989226971229295,0.9354030536792527
92.99754100000001,-147.003274,-15.826312860748477,0.8325145082814166
95.99754100000001,-147.003274,-15.605407520905924,0.7204962213584006
98.99754100000001,-147.003274,-15.319425570671376,0.6058440174895163
101.99754100000001,-147.003274,-14.950694068039391,0.4791610510382309
104.99754100000001,-147.003274,-14.543276378402902,0.3753719610379266
107.99754100000001,-147.003274,-14.050684200000001,0.26274658978046594
110.99754100000001,-147.003274,-13.537885334555455,0.20414392939317672
113.99754100000001,-147.003274,-12.960977371665134,0.1350982168100584
116.99754100000001,-147.003274,-12.325869649572649,0.0701585857773835
119.99754100000001,-147.003274,-11.651191469581748,0.01609270993604829
122.99754100000001,-147.003274,-10.93954242953668,-0.027423119861082187
125.99754100000001,-147.003274,-10.200324888358779,-0.06380773300172136
128.997541,-147.003274,-9.395973097050428,-0.14629994501528515
131.997541,-147.003274,-8.5403734957667,-0.2778884348088962
134.997541,-147.003274,-7.657168695407685,-0.4506847544617849
137.997541,-147.003274,-6.751831487371375,-0.69765889684296
140.997541,-147.003274,-5.796985081766917,-1.0564028974523318
143.997541,-147.003274,-4.818777175855514,-1.492506771984738
146.997541,-147.003274,-3.7900502583732063,-2.0277008766623275
149.997541,-147.003274,-2.741438409448819,-2.5977266229378615
152.997541,-147.003274,-1.9157897577777778,-2.9828787312544183
155.997541,-147.003274,-1.2924904260089687,-3.254856773700925
158.997541,-147.003274,-0.8589673399433427,-3.3984956214771413
161.997541,-147.003274,-0.4744983492063493,-3.53142360856301
164.997541,-147.003274,-0.08827974999999999,-3.7219603855231758
-165.002459,-144.003274,nan,nan
-162.002459,-144.003274,nan,nan
-159.002459,-144.003274,nan,nan
-156.002459,-144.003274,-0.24180352631578944,-5.187172557515607
-153.002459,-144.003274,-0.6268151366120218,-4.999349284728457
-150.002459,-144.003274,-1.0166146028368794,-4.862804045596993
-147.002459,-144.003274,-1.4577530152990263,-4.721846149119491
-144.002459,-144.003274,-2.1002758142548594,-4.4561938370121705
-141.002459,-144.003274,-2.8772672705078124,-4.110097900413091
-138.002459,-144.003274,-3.832727980094787,-3.609161441342367
-135.002459,-144.003274,-4.795018201535508,-3.1121046175844223
-132.002459,-144.003274,-5.739528933206107,-2.6541591661793316
-129.002459,-144.003274,-6.663799011472275,-2.230512091875945
-126.00245899999999,-144.003274,-7.568721795801526,-1.8797000194029128
-123.00245899999999,-144.003274,-8.414090433333335,-1.6453771538719983
-120.00245899999999,-144.003274,-9.264644217973231,-1.4313575418535849
-117.00245899999999,-144.003274,-10.069876212150435,-1.2812223631424422
-114.00245899999999,-144.003274,-10.826576299905392,-1.1957890672701281
-111.00245899999999,-144.003274,-11.571060990485252,-1.119025770952011
-108.00245899999999,-144.003274,-12.266912479659414,-1.0780360570674237
-105.00245899999999,-144.003274,-12.951177736641222,-1.0272615772756066
-102.00245899999999,-144.003274,-13.596325598076923,-0.9959588774660576
-99.00245899999999,-144.003274,-14.20577531533269,-0.9713305863982657
-96.00245899999999,-144.003274,-14.821655293203882,-0.907095647429878
-93.00245899999999,-144.003274,-15.356711278688524,-0.8495751240330127
-90.00245899999999,-144.003274,-15.868176927014218,-0.7605664437130044
-87.00245899999999,-144.003274,-16.306739588951313,-0.6894990351153588
-84.00245899999999,-144.003274,-16.709531845574386,-0.6033441192555061
-81.00245899999999,-144.003274,-17.066539196296294,-0.5098631353049906
-78.00245899999999,-144.003274,-17.370910557481754,-0.4135273560853682
-75.00245899999999,-144.003274,-17.624247201591515,-0.3181152232678721
-72.00245899999999,-144.003274,-17.83774120121951,-0.22039050454841913
-69.00245899999999,-144.003274,-18.020130370175437,-0.11351422494504557
-66.00245899999999,-144.003274,-18.145338631250002,-0.02037059669406892
-63.00245899999999,-144.003274,-18.22473865201465,0.05678002125838765
-60.00245899999999,-144.003274,-18.226762368860054,0.09026828210919646
-57.00245899999999,-144.003274,-18.20276492565056,0.12016152453324101
-54.00245899999999,-144.003274,-18.18918689302326,0.1672006742813048
-51.00245899999999,-144.003274,-18.213552994418606,0.25423239652180646
-48.00245899999999,-144.003274,-18.225368424467103,0.3357335651409846
-45.00245899999999,-144.003274,-18.23562186342376,0.41368389829118374
-42.00245899999999,-144.003274,-18.224002999999996,0.4671517163968928
-39.00245899999999,-144.003274,-18.212359639850327,0.5153359873990109
-36.00245899999999,-144.003274,-18.20462931372549,0.5680152164926975
-33.00245899999999,-144.003274,-18.203770004642525,0.6263396240630162
-30.002458999999988,-144.003274,-18.229528806691448,0.7070571562413481
-27.002458999999988,-144.003274,-18.223673516279074,0.7636470440554982
-24.002458999999988,-144.003274,-18.227774092609916,0.8274774888141214
-21.002458999999988,-144.003274,-18.20657891962617,0.8693052266488027
-18.002458999999988,-144.003274,-18.2275437212806,0.9460707769570679
-15.002458999999988,-144.003274,-18.218094386704124,0.9936521727521027
-12.002458999999988,-144.003274,-18.223652113528857,1.054666549111402
-9.002458999999988,-144.003274,-18.17614010879849,1.067742931026992
-6.0024589999999876,-144.003274,-18.174275938737043,1.1181323180501517
-3.0024589999999876,-144.003274,-18.178535989729227,1.177323181247654
-0.0024589999999875545,-144.003274,-18.190755234301783,1.236598857667113
2.9975410000000124,-144.003274,-18.202038850661623,1.2899219582183723
5.9975410000000124,-144.003274,-18.208381756398104,1.3350376524717795
8.997541000000012,-144.003274,-18.223758887523626,1.3885621684618645
11.997541000000012,-144.003274,-18.194642809701495,1.4006909862091605
14.997541000000012,-144.003274,-18.195011716014896,1.4324456625754405
17.997541000000012,-144.003274,-18.182018257142857,1.4497421579892862
20.997541000000012,-144.003274,-18.178671737179485,1.4708750649965368
23.997541000000012,-144.003274,-18.20130696596136,1.5127611391941935
26.997541000000012,-144.003274,-18.20595920111214,1.536836790106349
29.997541000000012,-144.003274,-18.242266989632423,1.5872456043239551
32.99754100000001,-144.003274,-18.2339718753568,1.5976739245975562
35.99754100000001,-144.003274,-18.210051162702186,1.5940085698568174
38.99754100000001,-144.003274,-18.197848095877276,1.6021362844555231
41.99754100000001,-144.003274,-18.200282591721543,1.6205607089179375
44.99754100000001,-144.003274,-18.21615092171482,1.6510452640446664
47.99754100000001,-144.003274,-18.224060402764977,1.6724980747717826
50.99754100000001,-144.003274,-18.211550057248385,1.6683726944020363
53.99754100000001,-144.003274,-18.19565805946935,1.6606992119972088
56.99754100000001,-144.003274,-18.179901253938834,1.6498961696195644
59.99754100000001,-144.003274,-18.180143655874193,1.6472917996139238
62.99754100000001,-144.003274,-18.160146637802605,1.6173467725550823
65.99754100000001,-144.003274,-18.17458862255359,1.5954043158401423
68.99754100000001,-144.003274,-18.190611463345864,1.5629324276174887
71.99754100000001,-144.003274,-18.20674473719165,1.5165489890307178
74.99754100000001,-144.003274,-18.224352706831116,1.4748133990495627
77.99754100000001,-144.003274,-18.228053044734388,1.4234674269063563
80.99754100000001,-144.003274,-18.253452163321167,1.3929337555405439
83.99754100000001,-144.003274,-18.22809546499102,1.33389508829065
86.99754100000001,-144.003274,-18.122715852401747,1.2303503070191701
89.99754100000001,-144.003274,-17.963116867302688,1.1112346137363547
92.99754100000001,-144.003274,-17.73011791753472,0.9684052336855096
95.99754100000001,-144.003274,-17.41058600607639,0.8021958029740267
98.99754100000001,-144.003274,-17.04746154730327,0.6598519674659087
101.99754100000001,-144.003274,-16.62049415426009,0.5172548597734076
104.99754100000001,-144.003274,-16.163734087703435,0.4046435407746172
107.99754100000001,-144.003274,-15.633438199632014,0.2947781543066183
110.99754100000001,-144.003274,-15.061715668202766,0.21789747940437085
113.99754100000001,-144.003274,-14.425607900749064,0.13884325239982012
116.99754100000001,-144.003274,-13.770588518164436,0.10791507068941704
119.99754100000001,-144.003274,-13.045073592168102,0.06765558071366219
122.99754100000001,-144.003274,-12.288875199230029,0.04558586642421957
125.99754100000001,-144.003274,-11.496542146248812,0.026649367219319858
128.997541,-144.003274,-10.66028253904762,-0.001053915589750817
131.997541,-144.003274,-9.770227680871214,-0.06774716840474816
134.997541,-144.003274,-8.846798235572376,-0.17828780399036057
137.997541,-144.003274,-7.873595877242683,-0.36752503014542437
140.997541,-144.003274,-6.8817060944808235,-0.6362403921536016
143.997541,-144.003274,-5.867171785849057,-1.004526874973281
146.997541,-144.003274,-4.812909397129187,-1.4952154119649366
149.997541,-144.003274,-3.7049860782778863,-2.075681384698147
152.997541,-144.003274,-2.605262033502538,-2.670489770822505
155.997541,-144.003274,-1.7732516741440378,-3.052732652973044
158.997541,-144.003274,-1.1826722530755711,-3.2855216332552457
161.997541,-144.003274,-0.7463266304347825,-3.426671793202494
164.997541,-144.003274,-0.31877395384615387,-3.606153781728421
-165.002459,-141.003274,nan,nan
-162.002459,-141.003274,nan,nan
-159.002459,-141.003274,-0.1516431666666667,-5.249776335404223
-156.002459,-141.003274,-0.5579261301369862,-5.030454589187576
-153.002459,-141.003274,-0.9564839636363638,-4.893602954044436
-150.002459,-141.003274,-1.4004739652173914,-4.736311408635108
-147.002459,-141.003274,-2.0434465027203483,-4.488281756706292
-144.002459,-141.003274,-2.8665754980582525,-4.123844947795891
-141.002459,-141.003274,-3.874623666347992,-3.5830623289097763
-138.002459,-141.003274,-4.897148342180095,-3.0452779515379187
-135.002459,-141.003274,-5.887612115163148,-2.574403347263644
-132.002459,-141.003274,-6.873789032504781,-2.142343151939701
-129.002459,-141.003274,-7.8331902618816684,-1.7699216671726938
-126.00245899999999,-141.003274,-8.770986305984556,-1.4740798801883586
-123.00245899999999,-141.003274,-9.635251977033493,-1.317615916227589
-120.00245899999999,-141.003274,-10.541553024952016,-1.1457522871587744
-117.00245899999999,-141.003274,-11.392969533914728,-1.0298992553335005
-114.00245899999999,-141.003274,-12.165044188878236,-1.004122993380977
-111.00245899999999,-141.003274,-12.932961708373435,-0.9822819416757882
-108.00245899999999,-141.003274,-13.655183512993263,-0.984818212800057
-105.00245899999999,-141.003274,-14.378882168918919,-0.9620374792505797
-102.00245899999999,-141.003274,-15.064412860600195,-0.9494233320400723
-99.00245899999999,-141.003274,-15.738769692753623,-0.9122833715082844
-96.00245899999999,-141.003274,-16.375858790830943,-0.8638269119447868
-93.00245899999999,-141.003274,-16.932931578347578,-0.8301215751067998
-90.00245899999999,-141.003274,-17.46473547996272,-0.7607598330612206
-87.00245899999999,-141.003274,-17.951792728624536,-0.6752178901548903
-84.00245899999999,-141.003274,-18.392230024390248,-0.583315749071481
-81.00245899999999,-141.003274,-18.800966791280146,-0.48326813946533786
-78.00245899999999,-141.003274,-19.15102649631676,-0.3803079216042712
-75.00245899999999,-141.003274,-19.45440723056058,-0.26877129408453654
-72.00245899999999,-141.003274,-19.72217094349776,-0.14835871537809636
-69.00245899999999,-141.003274,-19.958419607301867,-0.0264580244441365
-66.00245899999999,-141.003274,-20.172457930357144,0.11532247949296971
-63.00245899999999,-141.003274,-20.308936385854967,0.22243714774074486
-60.00245899999999,-141.003274,-20.356257206708978,0.2791501672338479
-57.00245899999999,-141.003274,-20.36107607959744,0.3192694699429044
-54.00245899999999,-141.003274,-20.324586658040666,0.3417443761889317
-51.00245899999999,-141.003274,-20.308835797061526,0.3913455460649771
-48.00245899999999,-141.003274,-20.309881290676415,0.46529911537155944
-45.00245899999999,-141.003274,-20.329100872359962,0.5566436274558424
-42.00245899999999,-141.003274,-20.336780258302586,0.6362146910291021
-39.00245899999999,-141.003274,-20.323795927426957,0.6973956982256382
-36.00245899999999,-141.003274,-20.327219311553034,0.7703990914674883
-33.00245899999999,-141.003274,-20.31630729378531,0.8331162699853822
-30.002458999999988,-141.003274,-20.297299758652944,0.8863878698934966
-27.002458999999988,-141.003274,-20.29939412290503,0.9598046614214462
-24.002458999999988,-141.003274,-20.260120097560975,0.9988293318067025
-21.002458999999988,-141.003274,-20.279749716572503,1.0860161919862577
-18.002458999999988,-141.003274,-20.2833235,1.1581135843081944
-15.002458999999988,-141.003274,-20.30760730589336,1.2480150634533882
-12.002458999999988,-141.003274,-20.320905479774222,1.3273448938463446
-9.002458999999988,-141.003274,-20.306589903256707,1.3824684734158341
-6.0024589999999876,-141.003274,-20.298439669865644,1.4356713956116256
-3.0024589999999876,-141.003274,-20.289157173624286,1.4885378437446097
-0.0024589999999875545,-141.003274,-20.30374950140318,1.5570542905263558
2.9975410000000124,-141.003274,-20.32023949860724,1.622325086845481
5.9975410000000124,-141.003274,-20.318424578898224,1.6657994645264296
8.997541000000012,-141.003274,-20.319118746518107,1.7064561203008672
11.997541000000012,-141.003274,-20.30619949213691,1.7325863018843426
14.997541000000012,-141.003274,-20.29565610853432,1.7531701330847744
17.997541000000012,-141.003274,-20.27598735283194,1.7598845292042948
20.997541000000012,-141.003274,-20.266427717068645,1.7732338616082375
23.997541000000012,-141.003274,-20.32321086604651,1.838453715489244
26.997541000000012,-141.003274,-20.326782936744188,1.8514673879697485
29.997541000000012,-141.003274,-20.34267467385192,1.8724198236003278
32.99754100000001,-141.003274,-20.32043384120983,1.8628835329954376
35.99754100000001,-141.003274,-20.323812868744096,1.8758915414228017
38.99754100000001,-141.003274,-20.32107838994307,1.8837846146604338
41.99754100000001,-141.003274,-20.32968602808989,1.8965185114318057
44.99754100000001,-141.003274,-20.317236259293683,1.8936824741066975
47.99754100000001,-141.003274,-20.321720615598885,1.8985924273148775
50.99754100000001,-141.003274,-20.321005598513015,1.8967325166773348
53.99754100000001,-141.003274,-20.295271374653097,1.874036824251516
56.99754100000001,-141.003274,-20.306615724999997,1.8810176132549046
59.99754100000001,-141.003274,-20.322015931734317,1.8848202244836008
62.99754100000001,-141.003274,-20.318136191272053,1.856126029761653
65.99754100000001,-141.003274,-20.290491049394223,1.7883847292676716
68.99754100000001,-141.003274,-20.29176894480823,1.7367498929859058
71.99754100000001,-141.003274,-20.316289739171374,1.6960920328027653
74.99754100000001,-141.003274,-20.335778087523277,1.6578478794389735
77.99754100000001,-141.003274,-20.35874633755656,1.6281387335354287
80.99754100000001,-141.003274,-20.306680082228112,1.5447969132214687
83.99754100000001,-141.003274,-20.207184780276815,1.4429909683365556
86.99754100000001,-141.003274,-20.032570052495696,1.2983973634712591
89.99754100000001,-141.003274,-19.812410209482756,1.153208516368753
92.99754100000001,-141.003274,-19.50010733129904,0.9715296050837755
95.99754100000001,-141.003274,-19.133374976106197,0.8033827749307507
98.99754100000001,-141.003274,-18.71181548375451,0.6432866479311713
101.99754100000001,-141.003274,-18.240876923923008,0.49607987003257586
104.99754100000001,-141.003274,-17.70615757037037,0.35152801019188856
107.99754100000001,-141.003274,-17.12939806442577,0.23858298240891052
110.99754100000001,-141.003274,-16.51751114259087,0.1618624817347913
113.99754100000001,-141.003274,-15.84556045884579,0.08895413087172811
116.99754100000001,-141.003274,-15.158429033557047,0.07264255870708723
119.99754100000001,-141.003274,-14.37348494792671,0.030794750966831538
122.99754100000001,-141.003274,-13.561190852173914,0.01568901007988168
125.99754100000001,-141.003274,-12.72153049047619,0.02065192132388769
128.997541,-141.003274,-11.868087892585551,0.04591750803322533
131.997541,-141.003274,-10.940995471090048,0.024739687685524002
134.997541,-141.003274,-9.993754386015326,-0.02175972909106063
137.997541,-141.003274,-8.980352290076334,-0.13069254502799538
140.997541,-141.003274,-7.952037778301886,-0.32016609128464885
143.997541,-141.003274,-6.906775336812144,-0.5900292180110212
146.997541,-141.003274,-5.817246648700674,-1.0041334979572496
149.997541,-141.003274,-4.672340895145631,-1.5560021655338334
152.997541,-141.003274,-3.476520178814383,-2.205049041586667
155.997541,-141.003274,-2.4030448937246964,-2.7520560075013947
158.997541,-141.003274,-1.6363401340996166,-3.070354682065151
161.997541,-141.003274,-1.0644722827004218,-3.291166390781888
164.997541,-141.003274,-0.5914023448275862,-3.4589587467616782
-165.002459,-138.003274,nan,nan
-162.002459,-138.003274,-0.03411566666666667,-5.325146092398846
-159.002459,-138.003274,-0.437550193877551,-5.093810185972055
-156.002459,-138.003274,-0.8499465936507937,-4.930382629670877
-153.002459,-138.003274,-1.3077216125401927,-4.771829259762609
-150.002459,-138.003274,-1.9388595667789,-4.530728331207063
-147.002459,-138.003274,-2.7534780849609373,-4.18997844515614
-144.002459,-138.003274,-3.82481524311491,-3.611091865888491
-141.002459,-138.003274,-4.923853660018993,-3.010996049745694
-138.002459,-138.003274,-5.959931462049336,-2.503271871363596
-135.002459,-138.003274,-6.988663024131274,-2.0516629409023377
-132.002459,-138.003274,-8.00319372303207,-1.6749901512310934
-129.002459,-138.003274,-8.979656133726648,-1.3949674131211682
-126.00245899999999,-138.003274,-9.930973195525292,-1.1909617599469537
-123.00245899999999,-138.003274,-10.836413777131781,-1.0728029507216565
-120.00245899999999,-138.003274,-11.754837076997113,-0.9685446300219455
-117.00245899999999,-138.003274,-12.639124914728683,-0.9195146751592926
-114.00245899999999,-138.003274,-13.451012189738625,-0.9250327904258984
-111.00245899999999,-138.003274,-14.257461835777127,-0.9303224577873684
-108.00245899999999,-138.003274,-15.055366640824337,-0.9285687184421325
-105.00245899999999,-138.003274,-15.798617027424093,-0.9412130705060592
-102.00245899999999,-138.003274,-16.49831021037182,-0.9549044969711119
-99.00245899999999,-138.003274,-17.177561857004832,-0.9501577621480042
-96.00245899999999,-138.003274,-17.816536469407268,-0.9373340686672408
-93.00245899999999,-138.003274,-18.412473682509503,-0.9087502245587916
-90.00245899999999,-138.003274,-18.990842137126865,-0.8344450912079251
-87.00245899999999,-138.003274,-19.54120787558466,-0.7206166250011109
-84.00245899999999,-138.003274,-20.053391789719626,-0.5935711269183777
-81.00245899999999,-138.003274,-20.505440271708686,-0.48553446686250257
-78.00245899999999,-138.003274,-20.921132179962893,-0.3593368998314404
-75.00245899999999,-138.003274,-21.28290392047532,-0.22794571453919207
-72.00245899999999,-138.003274,-21.609502799640612,-0.08772657434423926
-69.00245899999999,-138.003274,-21.868182982222223,0.021694272931242153
-66.00245899999999,-138.003274,-22.06377151727192,0.11825299453893155
-63.00245899999999,-138.003274,-22.210187448979593,0.20899834910301984
-60.00245899999999,-138.003274,-22.34797846625222,0.32304471859343903
-57.00245899999999,-138.003274,-22.427991259159963,0.4076561195053509
-54.00245899999999,-138.003274,-22.46897308196721,0.481128011419041
-51.00245899999999,-138.003274,-22.425955765193372,0.5014981112154716
-48.00245899999999,-138.003274,-22.40990679907834,0.5616829275356766
-45.00245899999999,-138.003274,-22.411595144168963,0.6442198011269276
-42.00245899999999,-138.003274,-22.41546140257353,0.7285502016292505
-39.00245899999999,-138.003274,-22.424548467966574,0.8174431761826871
-36.00245899999999,-138.003274,-22.413670735514017,0.8873515861614996
-33.00245899999999,-138.003274,-22.42390839813953,0.9778583052104299
-30.002458999999988,-138.003274,-22.411723196114707,1.0501026368214939
-27.002458999999988,-138.003274,-22.40616223774283,1.1305001939323982
-24.002458999999988,-138.003274,-22.40332572056075,1.2128321980075798
-21.002458999999988,-138.003274,-22.41149737394564,1.3003077850712557
-18.002458999999988,-138.003274,-22.423626455307264,1.395791168715026
-15.002458999999988,-138.003274,-22.41827933854646,1.4707118602363516
-12.002458999999988,-138.003274,-22.404174131847725,1.5384068627573881
-9.002458999999988,-138.003274,-22.431144363807732,1.6417678884194595
-6.0024589999999876,-138.003274,-22.42848239581351,1.7178475393938277
-3.0024589999999876,-138.003274,-22.43546564049196,1.7945252653946933
-0.0024589999999875545,-138.003274,-22.43318930892019,1.854463929950025
2.9975410000000124,-138.003274,-22.43362128624883,1.9118259945278542
5.9975410000000124,-138.003274,-22.412829951977404,1.946065139445593
8.997541000000012,-138.003274,-22.410300241121497,1.9883536286745747
11.997541000000012,-138.003274,-22.39699476858736,2.0136681801171683
14.997541000000012,-138.003274,-22.37995895603368,2.026070845373734
17.997541000000012,-138.003274,-22.382212690721648,2.046736784024179
20.997541000000012,-138.003274,-22.387393657277,2.0671364775652545
23.997541000000012,-138.003274,-22.371122364564005,2.0599443138268145
26.997541000000012,-138.003274,-22.38884163293468,2.0784654152187287
29.997541000000012,-138.003274,-22.396891414589106,2.080495305417717
32.99754100000001,-138.003274,-22.43726998979592,2.115076529855306
35.99754100000001,-138.003274,-22.44159753824627,2.113405371979753
38.99754100000001,-138.003274,-22.455573646784718,2.1210379269340636
41.99754100000001,-138.003274,-22.417439476937272,2.08062744001287
44.99754100000001,-138.003274,-22.38567783302583,2.0482683816099296
47.99754100000001,-138.003274,-22.363157294009216,2.016839299503421
50.99754100000001,-138.003274,-22.386458590194263,2.0273200783783993
53.99754100000001,-138.003274,-22.399661593692024,2.0285642753387223
56.99754100000001,-138.003274,-22.413932298604653,2.0283267386061348
59.99754100000001,-138.003274,-22.407603589434665,2.0008869079877054
62.99754100000001,-138.003274,-22.41399564519141,1.9694765932280518
65.99754100000001,-138.003274,-22.40578986210131,1.9154574322573752
68.99754100000001,-138.003274,-22.430746177631576,1.8787936416148352
71.99754100000001,-138.003274,-22.46011382665424,1.8442619906100635
74.99754100000001,-138.003274,-22.46969534798535,1.8006150236741307
77.99754100000001,-138.003274,-22.429984267493356,1.7304762631226684
80.99754100000001,-138.003274,-22.293583232984297,1.5983899417015486
83.99754100000001,-138.003274,-22.12274525282363,1.4634938744210904
86.99754100000001,-138.003274,-21.8630872513089,1.2821640058080044
89.99754100000001,-138.003274,-21.555313214723924,1.1011137092336774
92.99754100000001,-138.003274,-21.183419593971628,0.9052638630508487
95.99754100000001,-138.003274,-20.769678476190474,0.7330486985310456
98.99754100000001,-138.003274,-20.30338776146789,0.5670648253693967
101.99754100000001,-138.003274,-19.791536254629627,0.4185587649345682
104.99754100000001,-138.003274,-19.209782614457833,0.2716304001966095
107.99754100000001,-138.003274,-18.600347243697477,0.16730098010198075
110.99754100000001,-138.003274,-17.931014115601506,0.07480331595462597
113.99754100000001,-138.003274,-17.230869696069032,0.017143512747255375
116.99754100000001,-138.003274,-16.479595457773513,-0.02157050530971848
119.99754100000001,-138.003274,-15.677355457725946,-0.03481986255640122
122.99754100000001,-138.003274,-14.824393600583091,-0.04071053859979318
125.99754100000001,-138.003274,-13.944075463601534,-0.015360941959744833
128.997541,-138.003274,-13.041593622966507,0.03182638194799574
131.997541,-138.003274,-12.08988482415459,0.06449555578122385
134.997541,-138.003274,-11.082874357073171,0.05234057377174387
137.997541,-138.003274,-10.054011326530613,0.019820137836148655
140.997541,-138.003274,-8.9789779215311,-0.1104979568525934
143.997541,-138.003274,-7.910346567206863,-0.28325443683907525
146.997541,-138.003274,-6.768869316841104,-0.6200236729171168
149.997541,-138.003274,-5.6097001175908225,-1.0794896267884135
152.997541,-138.003274,-4.370143478468901,-1.7090263870476823
155.997541,-138.003274,-3.093988615238095,-2.421671423803302
158.997541,-138.003274,-2.1114809036402566,-2.8737587640621767
161.997541,-138.003274,-1.4316203020030818,-3.1241619204005464
164.997541,-138.003274,-0.8351147191358026,-3.372603222888802
-165.002459,-135.003274,nan,nan
-162.002459,-135.003274,-0.2961075,-5.153183502354533
-159.002459,-135.003274,-0.7379282362869197,-4.959592079918021
-156.002459,-135.003274,-1.1903199491525422,-4.793004727709602
-153.002459,-135.003274,-1.7695173163017035,-4.589115187359626
-150.002459,-135.003274,-2.5658898363453813,-4.278969049233411
-147.002459,-135.003274,-3.631831815280464,-3.7225800799798603
-144.002459,-135.003274,-4.781782302032914,-3.093082296297849
-141.002459,-135.003274,-5.91635845700483,-2.5122000294559816
-138.002459,-135.003274,-6.99675889059501,-2.022208406799302
-135.002459,-135.003274,-8.04880491618497,-1.6350720344077652
-132.002459,-135.003274,-9.103847305101057,-1.31151764761219
-129.002459,-135.003274,-10.121763606589147,-1.1034778328905943
-126.00245899999999,-135.003274,-11.115099344594595,-0.951084848877356
-123.00245899999999,-135.003274,-12.086236620229007,-0.8471362837438283
-120.00245899999999,-135.003274,-13.00221109469697,-0.8206459080637699
-117.00245899999999,-135.003274,-13.895937896682467,-0.8325531302396095
-114.00245899999999,-135.003274,-14.741363985659655,-0.8779020756532201
-111.00245899999999,-135.003274,-15.5654032734375,-0.924348702155835
-108.00245899999999,-135.003274,-16.38885904137931,-0.9519654652828061
-105.00245899999999,-135.003274,-17.1581112114061,-0.9869703601339568
-102.00245899999999,-135.003274,-17.894027632093934,-1.0080232181919704
-99.00245899999999,-135.003274,-18.60319745067698,-1.007269198122584
-96.00245899999999,-135.003274,-19.264345412103747,-1.0046569026000074
-93.00245899999999,-135.003274,-19.867144813165535,-0.9962843829517855
-90.00245899999999,-135.003274,-20.504476947768286,-0.9076012770080569
-87.00245899999999,-135.003274,-21.096464061971833,-0.7934479028260902
-84.00245899999999,-135.003274,-21.640862905817176,-0.6655008297514717
-81.00245899999999,-135.003274,-22.116592131040893,-0.5603681693930027
-78.00245899999999,-135.003274,-22.576169903165734,-0.4257251483455366
-75.00245899999999,-135.003274,-22.992207490808823,-0.28128223283791515
-72.00245899999999,-135.003274,-23.3794143279425,-0.12253545233092443
-69.00245899999999,-135.003274,-23.674530327971404,-0.010939157217859185
-66.00245899999999,-135.003274,-23.911861515232978,0.09071242233106598
-63.00245899999999,-135.003274,-24.126832751563896,0.20859494051267255
-60.00245899999999,-135.003274,-24.318213255957634,0.34442158100437154
-57.00245899999999,-135.003274,-24.452627735733103,0.4503195603382487
-54.00245899999999,-135.003274,-24.52631045625,0.5318783760869055
-51.00245899999999,-135.003274,-24.531747988245936,0.5807844627269674
-48.00245899999999,-135.003274,-24.520915309024616,0.6342165394751814
-45.00245899999999,-135.003274,-24.498085590701912,0.6915558189663814
-42.00245899999999,-135.003274,-24.495370043000914,0.7740588207980879
-39.00245899999999,-135.003274,-24.501332289424862,0.865985071183758
-36.00245899999999,-135.003274,-24.50489256688494,0.9627827459069744
-33.00245899999999,-135.003274,-24.508726063492063,1.06008343588825
-30.002458999999988,-135.003274,-24.514313992509365,1.1595596785844
-27.002458999999988,-135.003274,-24.510830610280372,1.2549658569350637
-24.002458999999988,-135.003274,-24.547424351886793,1.3847477511132553
-21.002458999999988,-135.003274,-24.544996130761994,1.4766381015696617
-18.002458999999988,-135.003274,-24.532937393289846,1.5651350451810189
-15.002458999999988,-135.003274,-24.513045184672205,1.6418978474882415
-12.002458999999988,-135.003274,-24.506130600000002,1.7359768324387832
-9.002458999999988,-135.003274,-24.54073201489758,1.8573131039240627
-6.0024589999999876,-135.003274,-24.531907506554308,1.9425279638441428
-3.0024589999999876,-135.003274,-24.51703664078578,2.0142540472155153
-0.0024589999999875545,-135.003274,-24.49499165148699,2.066088971185657
2.9975410000000124,-135.003274,-24.449449790065604,2.0902557670715654
5.9975410000000124,-135.003274,-24.469210126893937,2.164548085788686
8.997541000000012,-135.003274,-24.47292593791157,2.2190028523713186
11.997541000000012,-135.003274,-24.498066014939308,2.280019365404909
14.997541000000012,-135.003274,-24.513678031894933,2.316701414460449
17.997541000000012,-135.003274,-24.511409122410544,2.3283576072336047
20.997541000000012,-135.003274,-24.51253014528302,2.3355378427435105
23.997541000000012,-135.003274,-24.49174314366197,2.3156330268058443
26.997541000000012,-135.003274,-24.493497906394808,2.3077614838825764
29.997541000000012,-135.003274,-24.516248268450184,2.310732084387764
32.99754100000001,-135.003274,-24.547059008264462,2.31917735555132
35.99754100000001,-135.003274,-24.52161324029575,2.2750895712081087
38.99754100000001,-135.003274,-24.51829424535316,2.2539528644449387
41.99754100000001,-135.003274,-24.49885151444548,2.217143064958299
44.99754100000001,-135.003274,-24.49278132116105,2.1951854815036613
47.99754100000001,-135.003274,-24.461866622410543,2.1443081177529337
50.99754100000001,-135.003274,-24.47827329411765,2.135803636962169
53.99754100000001,-135.003274,-24.4663225886194,2.096622020489866
56.99754100000001,-135.003274,-24.45724573811743,2.063309568399109
59.99754100000001,-135.003274,-24.466662940850277,2.036678317026765
62.99754100000001,-135.003274,-24.501376250693802,2.0217468087355357
65.99754100000001,-135.003274,-24.530185610851262,1.99325452563177
68.99754100000001,-135.003274,-24.545338318813716,1.9494401413787341
71.99754100000001,-135.003274,-24.550787776761208,1.9045598453273216
74.99754100000001,-135.003274,-24.518621182300887,1.8417335714002272
77.99754100000001,-135.003274,-24.416613572289158,1.7431009013253926
80.99754100000001,-135.003274,-24.23339796366782,1.602785701946739
83.99754100000001,-135.003274,-23.965399594265858,1.4208137985097529
86.99754100000001,-135.003274,-23.645955866725508,1.2307883143365956
89.99754100000001,-135.003274,-23.275044614285715,1.0364381594295085
92.99754100000001,-135.003274,-22.87360053412193,0.8568819649854462
95.99754100000001,-135.003274,-22.395100568790397,0.668245062234447
98.99754100000001,-135.003274,-21.865493940130964,0.48561318616355503
101.99754100000001,-135.003274,-21.271041201688558,0.3040571111400563
104.99754100000001,-135.003274,-20.674530052830185,0.18342793796625717
107.99754100000001,-135.003274,-19.99702919736842,0.054303927357266815
110.99754100000001,-135.003274,-19.298334605461395,-0.0314215316978792
113.99754100000001,-135.003274,-18.55879652227488,-0.08466402361539582
116.99754100000001,-135.003274,-17.774995870105062,-0.11010585721688299
119.99754100000001,-135.003274,-16.955598896217264,-0.10852591355691273
122.99754100000001,-135.003274,-16.068390263565888,-0.10285768196406893
125.99754100000001,-135.003274,-15.136783884431711,-0.07161582416680869
128.997541,-135.003274,-14.190097943540671,-0.0031981730625518126
131.997541,-135.003274,-13.214871289017342,0.07200629342750071
134.997541,-135.003274,-12.169561019455253,0.10336345173924114
137.997541,-135.003274,-11.088305830261882,0.09717519101489604
140.997541,-135.003274,-9.966134269673706,0.02625208614596869
143.997541,-135.003274,-8.838192268827454,-0.08903375182699093
146.997541,-135.003274,-7.648297001897533,-0.35090102635186404
149.997541,-135.003274,-6.46248874952919,-0.7210416063079361
152.997541,-135.003274,-5.189113738117427,-1.3056724346429962
155.997541,-135.003274,-3.8823884449626864,-1.997402564981353
158.997541,-135.003274,-2.6725620212150436,-2.620851070492162
161.997541,-135.003274,-1.7858068389095416,-2.9983609637791315
164.997541,-135.003274,-1.119279231884058,-3.256365800750881
-165.002459,-132.003274,-0.12447800000000002,-5.235352200912667
-162.002459,-132.003274,-0.5640923133333334,-5.026717364430886
-159.002459,-132.003274,-1.0030003325358852,-4.870321322051381
-156.002459,-132.003274,-1.5773075798898073,-4.641429824193531
-153.002459,-132.003274,-2.3127563142250533,-4.390306749311323
-150.002459,-132.003274,-3.3392443911330054,-3.885204839571434
-147.002459,-132.003274,-4.571736039447732,-3.1929292376043907
-144.002459,-132.003274,-5.750869378669275,-2.5769768811124236
-141.002459,-132.003274,-6.891965669582118,-2.0486279118105593
-138.002459,-132.003274,-8.005780876685936,-1.6162750585124315
-135.002459,-132.003274,-9.101204349374399,-1.2819518646444512
-132.002459,-132.003274,-10.181107818269231,-1.0443410362390808
-129.002459,-132.003274,-11.23373987608069,-0.8883380525336775
-126.00245899999999,-132.003274,-12.254909551294345,-0.7906558012963187
-123.00245899999999,-132.003274,-13.226615197530865,-0.7610400107535983
-120.00245899999999,-132.003274,-14.159101006616257,-0.7929573789400604
-117.00245899999999,-132.003274,-15.079651542533082,-0.844526980095953
-114.00245899999999,-132.003274,-15.971135605916032,-0.913777891130675
-111.00245899999999,-132.003274,-16.822425293203885,-0.9842464810353394
-108.00245899999999,-132.003274,-17.673523203921572,-1.0199359396565055
-105.00245899999999,-132.003274,-18.46031697740668,-1.0757998324005777
-102.00245899999999,-132.003274,-19.243319896887154,-1.0921592448244113
-99.00245899999999,-132.003274,-19.979823892307692,-1.1054613130703612
-96.00245899999999,-132.003274,-20.68460788963532,-1.088431417661869
-93.00245899999999,-132.003274,-21.34707263697967,-1.0488324065773145
-90.00245899999999,-132.003274,-21.996499317535545,-0.9775078723743653
-87.00245899999999,-132.003274,-22.61434111775701,-0.875748437005753
-84.00245899999999,-132.003274,-23.1540822855831,-0.7865863430474578
-81.00245899999999,-132.003274,-23.66594461904762,-0.675319279780535
-78.00245899999999,-132.003274,-24.15851336440678,-0.5376574211518119
-75.00245899999999,-132.003274,-24.643241018744142,-0.3634841848468397
-72.00245899999999,-132.003274,-25.050077808743172,-0.22493826266032704
-69.00245899999999,-132.003274,-25.40818442119565,-0.09206498244520332
-66.00245899999999,-132.003274,-25.735495561643837,0.054455917107664314
-63.00245899999999,-132.003274,-26.018336341306345,0.20176382565582715
-60.00245899999999,-132.003274,-26.235896820466785,0.32712342290074514
-57.00245899999999,-132.003274,-26.42326215418502,0.4486470628312754
-54.00245899999999,-132.003274,-26.52376848193833,0.5287545208315494
-51.00245899999999,-132.003274,-26.592969662186377,0.6104019555743455
-48.00245899999999,-132.003274,-26.594368476881233,0.6587490000277716
-45.00245899999999,-132.003274,-26.587793329990888,0.7208595637646418
-42.00245899999999,-132.003274,-26.5851145526075,0.8032028872039895
-39.00245899999999,-132.003274,-26.572649255597014,0.8837387551757386
-36.00245899999999,-132.003274,-26.562466731203006,0.9757879731758813
-33.00245899999999,-132.003274,-26.550393900188325,1.0688629848428541
-30.002458999999988,-132.003274,-26.557585,1.1822588596135926
-27.002458999999988,-132.003274,-26.566290757062145,1.3008096665997082
-24.002458999999988,-132.003274,-26.600361178236398,1.4438143302165507
-21.002458999999988,-132.003274,-26.602049858208954,1.5586451017987994
-18.002458999999988,-132.003274,-26.586537799074076,1.6591580049759336
-15.002458999999988,-132.003274,-26.577335780961185,1.7620789126331544
-12.002458999999988,-132.003274,-26.6022642839963,1.8981589208648675
-9.002458999999988,-132.003274,-26.607250026976743,2.011580394307107
-6.0024589999999876,-132.003274,-26.60673680075188,2.1166889981695056
-3.0024589999999876,-132.003274,-26.593086162111216,2.1993617691535605
-0.0024589999999875545,-132.003274,-26.5913875755597,2.283323964832181
2.9975410000000124,-132.003274,-26.606279927699532,2.3690017188705856
5.9975410000000124,-132.003274,-26.61890113731061,2.444702302914271
8.997541000000012,-132.003274,-26.617758946073796,2.496104347597982
11.997541000000012,-132.003274,-26.60020089755639,2.521178903909656
14.997541000000012,-132.003274,-26.596969448113207,2.5408619395050427
17.997541000000012,-132.003274,-26.615642577425376,2.5641187979857163
20.997541000000012,-132.003274,-26.611515456582634,2.555022485344541
23.997541000000012,-132.003274,-26.613925958801495,2.5432973705940487
26.997541000000012,-132.003274,-26.623263919850885,2.529775277251899
29.997541000000012,-132.003274,-26.632702818265685,2.507129479446992
32.99754100000001,-132.003274,-26.607998499542543,2.4514849739158753
35.99754100000001,-132.003274,-26.601482491697414,2.410552531950486
38.99754100000001,-132.003274,-26.56540482139535,2.3453444211450893
41.99754100000001,-132.003274,-26.5717973027179,2.315590763962088
44.99754100000001,-132.003274,-26.59829940372093,2.3017515494428356
47.99754100000001,-132.003274,-26.630828742238943,2.2901915258755294
50.99754100000001,-132.003274,-26.63760208419083,2.2506890558881727
53.99754100000001,-132.003274,-26.605738960489184,2.1824974177919705
56.99754100000001,-132.003274,-26.577678287334592,2.1193837973031813
59.99754100000001,-132.003274,-26.55719848918156,2.0570714473857374
62.99754100000001,-132.003274,-26.600059799256503,2.0419063978842837
65.99754100000001,-132.003274,-26.65468675483871,2.033707090437891
68.99754100000001,-132.003274,-26.660089715201465,1.9921596969121937
71.99754100000001,-132.003274,-26.612650914721723,1.9239421210131944
74.99754100000001,-132.003274,-26.481277074823943,1.8016648614835575
77.99754100000001,-132.003274,-26.283192964409725,1.6527075401891578
80.99754100000001,-132.003274,-26.06593773251748,1.5249679236187204
83.99754100000001,-132.003274,-25.76932104259095,1.3600116878872421
86.99754100000001,-132.003274,-25.397665832129967,1.1665227555352988
89.99754100000001,-132.003274,-24.999537830154406,0.9888351361716904
92.99754100000001,-132.003274,-24.52026276084949,0.7886595800403483
95.99754100000001,-132.003274,-23.990006046772685,0.6023127648507542
98.99754100000001,-132.003274,-23.3996032028169,0.4056511822572752
101.99754100000001,-132.003274,-22.75606278169685,0.21978311496808173
104.99754100000001,-132.003274,-22.10665791943128,0.09163428496481973
107.99754100000001,-132.003274,-21.365541098391677,-0.0580656546495066
110.99754100000001,-132.003274,-20.632951321361055,-0.13532900918005056
113.99754100000001,-132.003274,-19.86693838672986,-0.17494441313054435
116.99754100000001,-132.003274,-19.026396179657795,-0.2138339062546256
119.99754100000001,-132.003274,-18.15801190526316,-0.21605537887629409
122.99754100000001,-132.003274,-17.25840422928709,-0.1797857086618047
125.99754100000001,-132.003274,-16.27914665869981,-0.14764848875089312
128.997541,-132.003274,-15.294781544046465,-0.06113777456584145
131.997541,-132.003274,-14.284205529640428,0.0378281031064116
134.997541,-132.003274,-13.214877082846003,0.11377438961571121
137.997541,-132.003274,-12.099208672162948,0.15560512458788028
140.997541,-132.003274,-10.961103019249279,0.16551258742597832
143.997541,-132.003274,-9.763664863679695,0.07033616434428556
146.997541,-132.003274,-8.511520232007577,-0.14962115063353004
149.997541,-132.003274,-7.281667618738404,-0.446483207703673
152.997541,-132.003274,-5.993949678604224,-0.9401413812518398
155.997541,-132.003274,-4.656401545202952,-1.5782303906447832
158.997541,-132.003274,-3.2992316641860464,-2.3066718854214314
161.997541,-132.003274,-2.1610898579059827,-2.8592395127741352
164.997541,-132.003274,-1.4400000836012863,-3.098215948463711
-165.002459,-129.003274,-0.33989989062500003,-5.121668020151103
-162.002459,-129.003274,-0.8204750404040404,-4.915544482391692
-159.002459,-129.003274,-1.3598082537562604,-4.705715267545897
-156.002459,-129.003274,-2.0313250440180584,-4.4905105258055995
-153.002459,-129.003274,-2.980823919483101,-4.075338932955677
-150.002459,-129.003274,-4.211704898406375,-3.3909566194744496
-147.002459,-129.003274,-5.487704118525897,-2.6992803072076295
-144.002459,-129.003274,-6.687148680514342,-2.1130738082461313
-141.002459,-129.003274,-7.8377435220372185,-1.65421415140166
-138.002459,-129.003274,-9.000932985436894,-1.274519817506324
-135.002459,-129.003274,-10.134613574734813,-1.0021119987917997
-132.002459,-129.003274,-11.219518678127985,-0.8600404088077411
-129.002459,-129.003274,-12.28691262226451,-0.7610090813419129
-126.00245899999999,-129.003274,-13.327220726325757,-0.7224890041324609
-123.00245899999999,-129.003274,-14.326935416510318,-0.748744356564289
-120.00245899999999,-129.003274,-15.291419007469653,-0.820335973329385
-117.00245899999999,-129.003274,-16.23400111412535,-0.8996443127756838
-114.00245899999999,-129.003274,-17.153808825426946,-0.9852866728218125
-111.00245899999999,-129.003274,-18.065756585877864,-1.0445423652437977
-108.00245899999999,-129.003274,-18.946433645472062,-1.0986405649091986
-105.00245899999999,-129.003274,-19.77688745251938,-1.14653860781722
-102.00245899999999,-129.003274,-20.564653832201746,-1.1827888617579554
-99.00245899999999,-129.003274,-21.34170006092844,-1.1849981330767947
-96.00245899999999,-129.003274,-22.07060362112403,-1.1805896869698023
-93.00245899999999,-129.003274,-22.79231767311412,-1.1174079723974395
-90.00245899999999,-129.003274,-23.45323540952381,-1.0556657084237624
-87.00245899999999,-129.003274,-24.100359903377107,-0.9545530600641801
-84.00245899999999,-129.003274,-24.696091627885504,-0.8470158061487746
-81.00245899999999,-129.003274,-25.252810930254476,-0.7307906636635538
-78.00245899999999,-129.003274,-25.78374754961832,-0.5921698507352975
-75.00245899999999,-129.003274,-26.278342588793922,-0.442022853675695
-72.00245899999999,-129.003274,-26.682054081613508,-0.3363601712008176
-69.00245899999999,-129.003274,-27.09861101302326,-0.18346531440600222
-66.00245899999999,-129.003274,-27.51343935037175,0.009034783023396728
-63.00245899999999,-129.003274,-27.86063427839851,0.17281552227284702
-60.00245899999999,-129.003274,-28.143195947511312,0.3143459735728313
-57.00245899999999,-129.003274,-28.347064960282438,0.4224062072879121
-54.00245899999999,-129.003274,-28.50814725440141,0.5247516070140424
-51.00245899999999,-129.003274,-28.63781956371681,0.6281356750248492
-48.00245899999999,-129.003274,-28.68231718957772,0.6929267776197819
-45.00245899999999,-129.003274,-28.70161830945822,0.7589701600591942
-42.00245899999999,-129.003274,-28.690006953574745,0.8252380183940417
-39.00245899999999,-129.003274,-28.662737639234454,0.8924902962274769
-36.00245899999999,-129.003274,-28.668510606177605,1.0032332881295525
-33.00245899999999,-129.003274,-28.66144625072604,1.1107275472367362
-30.002458999999988,-129.003274,-28.665415192344497,1.2376729108814655
-27.002458999999988,-129.003274,-28.658546613117874,1.3562565040889625
-24.002458999999988,-129.003274,-28.668882217350745,1.495590041118345
-21.002458999999988,-129.003274,-28.69000071840149,1.6449292500582513
-18.002458999999988,-129.003274,-28.703880516605164,1.7856793042894548
-15.002458999999988,-129.003274,-28.7011743633829,1.9105284102208544
-12.002458999999988,-129.003274,-28.68908440462963,2.0275621066851675
-9.002458999999988,-129.003274,-28.652086671947806,2.1230287494212736
-6.0024589999999876,-129.003274,-28.64529319263456,2.23543410961695
-3.0024589999999876,-129.003274,-28.645052486615675,2.3448316219010037
-0.0024589999999875545,-129.003274,-28.665908110690633,2.4593484195059756
2.9975410000000124,-129.003274,-28.69930113510942,2.5738181723145335
5.9975410000000124,-129.003274,-28.71816261026616,2.6604508453999935
8.997541000000012,-129.003274,-28.72022592937853,2.717415465753378
11.997541000000012,-129.003274,-28.726427465355805,2.7614325448869943
14.997541000000012,-129.003274,-28.722165842936803,2.776531534852373
17.997541000000012,-129.003274,-28.71059776666667,2.769348868607785
20.997541000000012,-129.003274,-28.70248935387488,2.748644233444234
23.997541000000012,-129.003274,-28.682721966037736,2.70726149025057
26.997541000000012,-129.003274,-28.686327174766355,2.677878832363203
29.997541000000012,-129.003274,-28.68970412523191,2.6372157709330235
32.99754100000001,-129.003274,-28.677211019390583,2.573201017847006
35.99754100000001,-129.003274,-28.689841670380687,2.5298295386128586
38.99754100000001,-129.003274,-28.69012437030075,2.4753630597409737
41.99754100000001,-129.003274,-28.691819628895182,2.4208302195076277
44.99754100000001,-129.003274,-28.710316976591763,2.3827229496024556
47.99754100000001,-129.003274,-28.74477490234742,2.3550414530617174
50.99754100000001,-129.003274,-28.734903670370368,2.288531342557603
53.99754100000001,-129.003274,-28.747601911792017,2.2413427784891744
56.99754100000001,-129.003274,-28.73051885526316,2.171879436547622
59.99754100000001,-129.003274,-28.716780500471256,2.105338919571773
62.99754100000001,-129.003274,-28.731565702502316,2.0656124582339133
65.99754100000001,-129.003274,-28.74769687873303,2.036575143757278
68.99754100000001,-129.003274,-28.748581358724536,2.0088220557757577
71.99754100000001,-129.003274,-28.618344813648296,1.8954910840291666
74.99754100000001,-129.003274,-28.439770985152837,1.771687031088531
77.99754100000001,-129.003274,-28.16102786455585,1.5934631312509713
80.99754100000001,-129.003274,-27.85910487911111,1.4312451216933142
83.99754100000001,-129.003274,-27.493434776576578,1.2476409389309178
86.99754100000001,-129.003274,-27.06360938751148,1.0468979970692112
89.99754100000001,-129.003274,-26.609895485294118,0.8701160329901748
92.99754100000001,-129.003274,-26.07863719348837,0.6711217833709184
95.99754100000001,-129.003274,-25.495520194731892,0.47936498492839236
98.99754100000001,-129.003274,-24.85058496512724,0.2777279311610928
101.99754100000001,-129.003274,-24.1718506506256,0.10686582995037228
104.99754100000001,-129.003274,-23.45466924784689,-0.045071024603436045
107.99754100000001,-129.003274,-22.693275898467434,-0.16887953678119924
110.99754100000001,-129.003274,-21.92047229238095,-0.2393329138590476
113.99754100000001,-129.003274,-21.112587386514722,-0.2775282749722278
116.99754100000001,-129.003274,-20.235487582302568,-0.3179362708849381
119.99754100000001,-129.003274,-19.316419025787965,-0.3251295800939689
122.99754100000001,-129.003274,-18.374471455769232,-0.2837364671521291
125.99754100000001,-129.003274,-17.367158581016298,-0.23689617148027414
128.997541,-129.003274,-16.368247783190068,-0.12284071389867555
131.997541,-129.003274,-15.30647766983825,-0.018036285662151506
134.997541,-129.003274,-14.206978859981078,0.0886422476888727
137.997541,-129.003274,-13.056122190114069,0.16881892454078412
140.997541,-129.003274,-11.883930496204934,0.22719402887401502
143.997541,-129.003274,-10.633990000943395,0.16981125605670191
146.997541,-129.003274,-9.365423226201697,0.02798053286527609
149.997541,-129.003274,-8.066608963167587,-0.22696522782375378
152.997541,-129.003274,-6.744145993618961,-0.6318675086908552
155.997541,-129.003274,-5.357796390154968,-1.235808967458049
158.997541,-129.003274,-3.9631735279560036,-1.9559773342957496
161.997541,-129.003274,-2.601331286129971,-2.676804107840514
164.997541,-129.003274,-1.738656196547145,-2.989503423308888
-165.002459,-126.003274,-0.5803172,-5.002292246540183
-162.002459,-126.003274,-1.1043950368763558,-4.798405677320906
-159.002459,-126.003274,-1.7472203675324678,-4.559008080489692
-156.002459,-126.003274,-2.5812446501516684,-4.254946124171743
-153.002459,-126.003274,-3.7579928906249993,-3.6262684735950734
-150.002459,-126.003274,-5.05886252818991,-2.9242791172036346
-147.002459,-126.003274,-6.340038351648351,-2.2769949212367355
-144.002459,-126.003274,-7.588637533267129,-1.7238792050896945
-141.002459,-126.003274,-8.76997926456071,-1.3177034856540413
-138.002459,-126.003274,-9.951877821218075,-1.0152261869199197
-135.002459,-126.003274,-11.096115028403526,-0.8323850041919733
-132.002459,-126.003274,-12.21115051491819,-0.7485960938842438
-129.002459,-126.003274,-13.30884033777355,-0.7042192774748179
-126.00245899999999,-126.003274,-14.373646081749051,-0.7165186682790878
-123.00245899999999,-126.003274,-15.395750513666352,-0.7857199729681391
-120.00245899999999,-126.003274,-16.39128751520913,-0.8783461666180243
-117.00245899999999,-126.003274,-17.38682459620853,-0.9544075863771471
-114.00245899999999,-126.003274,-18.344799865384616,-1.0456797626160184
-111.00245899999999,-126.003274,-19.262186531874406,-1.136632374722107
-108.00245899999999,-126.003274,-20.18364413180516,-1.1825330773919658
-105.00245899999999,-126.003274,-21.05186920133588,-1.230599842513604
-102.00245899999999,-126.003274,-21.881711813155388,-1.254154964588597
-99.00245899999999,-126.003274,-22.673319778306375,-1.2693218281148162
-96.00245899999999,-126.003274,-23.42897650528338,-1.261439198177638
-93.00245899999999,-126.003274,-24.187378106321837,-1.1940105677611075
-90.00245899999999,-126.003274,-24.892085407265775,-1.1198190205304341
-87.00245899999999,-126.003274,-25.550223020833336,-1.036873221822683
-84.00245899999999,-126.003274,-26.180035608450705,-0.9295914119075799
-81.00245899999999,-126.003274,-26.785590905714287,-0.7978912010544986
-78.00245899999999,-126.003274,-27.364512694444443,-0.6550522983940453
