center_x,center_y,center_z,error
-155.002459,-155.003274,-1.53384907102593,-3.606061415376366
-125.00245899999999,-155.003274,-5.094557752763669,-1.8790266945019678
-95.00245899999999,-155.003274,-8.738271980081343,-2.0556011497770044
-65.00245899999999,-155.003274,-10.45536099787471,-1.404318642652429
-35.00245899999999,-155.003274,-10.448844635855501,-0.979962335895564
-5.0024589999999876,-155.003274,-10.445887713176688,-0.5685014821630219
24.997541000000012,-155.003274,-10.441738089865565,-0.2747317041764354
54.99754100000001,-155.003274,-10.465112741393526,-0.15530455111619465
84.99754100000001,-155.003274,-10.457170034391265,-0.3046055249722378
114.99754100000001,-155.003274,-8.341206663108807,-0.8746987094015586
144.997541,-155.003274,-4.0879600345816165,-0.8034694033691955
-155.002459,-125.003274,-5.0897361794370015,-1.9158986813103946
-125.00245899999999,-125.003274,-14.861317774510855,-1.4927644101530229
-95.00245899999999,-125.003274,-23.905709965921194,-1.6462005691050383
-65.00245899999999,-125.003274,-29.55849140421161,-0.36213927893963443
-35.00245899999999,-125.003274,-31.5375851450491,1.2067622342582456
-5.0024589999999876,-125.003274,-31.493650932777488,2.72571203224625
24.997541000000012,-125.003274,-31.496845219216418,3.219638750159421
54.99754100000001,-125.003274,-31.523614981241128,2.2456782489512115
84.99754100000001,-125.003274,-29.06341939591837,0.561080726751064
114.99754100000001,-125.003274,-22.138123708957604,-0.7597490348158201
144.997541,-125.003274,-10.950763304869149,-0.21493271892651816
-155.002459,-95.003274,-8.777159939826886,-1.7887668387748772
-125.00245899999999,-95.003274,-23.84659772684341,-1.4553615923679744
-95.00245899999999,-95.003274,-35.836867883888296,-2.0712997378518976
-65.00245899999999,-95.003274,-44.86490941784839,-1.42386010831584
-35.00245899999999,-95.003274,-50.57658397576065,0.1846556373523391
-5.0024589999999876,-95.003274,-52.666248373326674,2.860735249500428
24.997541000000012,-95.003274,-52.66557976623246,3.3548922419021574
54.99754100000001,-95.003274,-50.07943103968335,0.7738100566469848
84.99754100000001,-95.003274,-43.08307916462771,-0.8671602728191506
114.99754100000001,-95.003274,-32.006719066897716,-0.7165019951689974
144.997541,-95.003274,-16.458805637607348,0.6756178856752931
-155.002459,-65.003274,-10.463003286821706,-1.382552505160729
-125.00245899999999,-65.003274,-29.523565592984237,0.027597145246790813
-95.00245899999999,-65.003274,-44.8366971898964,-1.1763082037441854
-65.00245899999999,-65.003274,-56.946320282173495,-1.1887095413057112
-35.00245899999999,-65.003274,-63.96757627874639,-1.2606111176073536
-5.0024589999999876,-65.003274,-65.93164436461366,-1.052964502412286
24.997541000000012,-65.003274,-65.82970788107744,-0.8887687768531002
54.99754100000001,-65.003274,-62.95465553830077,-0.8994093204511118
84.99754100000001,-65.003274,-53.005056459533314,-0.7869350449876835
114.99754100000001,-65.003274,-37.464164556176414,0.5111262662273578
144.997541,-65.003274,-17.555169048435094,1.3012392439085623
-155.002459,-35.003274000000005,-10.482874521273306,-1.1115205900590563
-125.00245899999999,-35.003274000000005,-31.522173287487284,1.5074361580470972
-95.00245899999999,-35.003274000000005,-50.52183855116018,0.48960365882023965
-65.00245899999999,-35.003274000000005,-63.95633764654988,-1.0413658401054648
-35.00245899999999,-35.003274000000005,-67.83443519757215,-0.8419763593613302
-5.0024589999999876,-35.003274000000005,-68.89740102964625,0.19889055817135856
24.997541000000012,-35.003274000000005,-68.62051328640716,0.227285533846461
54.99754100000001,-35.003274000000005,-66.79073344534169,-0.8363625920103116
84.99754100000001,-35.003274000000005,-58.268174105415575,0.26951111458405974
114.99754100000001,-35.003274000000005,-38.25684997043038,0.868669038394726
144.997541,-35.003274000000005,-17.249068593994913,1.2883914034119308
-155.002459,-5.003274000000005,-10.436818821298703,-0.8774544591859545
-125.00245899999999,-5.003274000000005,-31.488275655756325,2.648331508867148
-95.00245899999999,-5.003274000000005,-52.62034868457328,2.645818344723216
-65.00245899999999,-5.003274000000005,-65.91728302411124,-0.9093051572432301
-35.00245899999999,-5.003274000000005,-68.84637868935906,0.09205722299724697
-5.0024589999999876,-5.003274000000005,-69.85300074327174,0.822394371554437
24.997541000000012,-5.003274000000005,-69.34417627361198,0.8256996877197461
54.99754100000001,-5.003274000000005,-67.26307836475162,-0.31139546259531853
84.99754100000001,-5.003274000000005,-57.71043426840359,0.5874900062162939
114.99754100000001,-5.003274000000005,-36.211676594053515,0.36739441545604584
144.997541,-5.003274000000005,-15.50644399204431,0.835279798705429
-155.002459,24.996725999999995,-10.408300150526532,-0.606856733047438
-125.00245899999999,24.996725999999995,-31.49942433170732,2.739065079814967
-95.00245899999999,24.996725999999995,-52.26515560986636,2.423157748397807
-65.00245899999999,24.996725999999995,-65.46943948448371,-0.7687181431153528
-35.00245899999999,24.996725999999995,-68.38699129950739,-0.38857952881998975
-5.0024589999999876,24.996725999999995,-69.26143169066269,-0.01789090754122236
24.997541000000012,24.996725999999995,-68.51555558875704,-0.1761133226557962
54.99754100000001,24.996725999999995,-65.56895697751955,-0.37137646660855594
84.99754100000001,24.996725999999995,-51.94668824098083,0.7957032025308342
114.99754100000001,24.996725999999995,-30.291083026841747,0.17220365467568263
144.997541,24.996725999999995,-12.18026342357217,0.30387650054308873
-155.002459,54.996725999999995,-10.464935804034583,-0.33390934246856097
-125.00245899999999,54.996725999999995,-31.21932299465403,2.247561362470027
-95.00245899999999,54.996725999999995,-48.59808762540343,0.9553224993242073
-65.00245899999999,54.996725999999995,-61.58434539468432,-0.14677919587866198
-35.00245899999999,54.996725999999995,-66.36555413280057,-1.0078894716575613
-5.0024589999999876,54.996725999999995,-67.20608579902972,-0.7547418605461466
24.997541000000012,54.996725999999995,-65.59332393317395,-0.43642450587697934
54.99754100000001,54.996725999999995,-57.72617390746378,1.1129343620925962
84.99754100000001,54.996725999999995,-39.929746583075044,0.7052013585410425
114.99754100000001,54.996725999999995,-21.22824817798572,-0.30496022650795934
144.997541,54.996725999999995,-9.064770258437047,0.14525281259944664
-155.002459,84.996726,-10.22894698965448,-0.09852042740298624
-125.00245899999999,84.996726,-27.59741389339464,1.0871360100352718
-95.00245899999999,84.996726,-41.05881143544088,-0.01947704056000886
-65.00245899999999,84.996726,-51.12120263203924,-0.2655546286307074
-35.00245899999999,84.996726,-57.37628103172878,0.5666459613613537
-5.0024589999999876,84.996726,-57.79302660156471,1.0542588875307506
24.997541000000012,84.996726,-51.99287949402316,1.2700404553694087
54.99754100000001,84.996726,-39.96184094355296,0.8874654531363974
84.99754100000001,84.996726,-25.014006741390826,-0.2074736662736277
114.99754100000001,84.996726,-13.949605862182658,-0.3436018172677055
144.997541,84.996726,-7.035082058278931,0.5637034732879572
-155.002459,114.996726,-7.379369319712071,-0.14583916529880608
-125.00245899999999,114.996726,-20.155818920219637,0.3846379015056354
-95.00245899999999,114.996726,-30.103204898854756,-0.16521571391569073
-65.00245899999999,114.996726,-36.411246531209166,0.4684099534311545
-35.00245899999999,114.996726,-38.225740990937155,0.8818277421019084
-5.0024589999999876,114.996726,-36.278122678553736,0.5645595949021762
24.997541000000012,114.996726,-30.313193140749256,0.07993685263420845
54.99754100000001,114.996726,-21.27068822982388,-0.7336427225968482
84.99754100000001,114.996726,-13.905166199626457,-0.7066990149695771
114.99754100000001,114.996726,-9.850636861198357,0.926879066400527
144.997541,114.996726,-5.484607536400284,0.28198014606490934
-155.002459,144.996726,-3.339070648208469,-0.890035136774427
-125.00245899999999,144.996726,-9.201745004793864,0.3252830776778053
-95.00245899999999,144.996726,-15.448326238819686,0.8156725159898998
-65.00245899999999,144.996726,-17.519657450639855,0.749747372187577
-35.00245899999999,144.996726,-17.24089684733136,0.28445295785570623
-5.0024589999999876,144.996726,-15.460059872888174,-0.39120672711157
24.997541000000012,144.996726,-12.103032515618494,-1.0422240025843288
54.99754100000001,144.996726,-8.953252905692343,-0.9495730932818469
84.99754100000001,144.996726,-6.914923223433242,-0.13062086666886935
114.99754100000001,144.996726,-5.4168239653199866,-0.07798149654645833
144.997541,144.996726,-2.910123124218374,-2.073315477738043
