-1.2182303709923663, -2.86845441462084, -4.30205781096801, -4.687446523890785, -8.955559368731564, -12.317431726106744, -10.04262529497016, -15.12869146953873, -19.34784770727508 | 0.6950257926614345
-2.86845441462084, -4.30205781096801, -5.17652496284585, -8.955559368731564, -12.317431726106744, -14.65303399720782, -15.12869146953873, -19.34784770727508, -22.718525130562558 | 1.0734836266299186
-4.30205781096801, -5.17652496284585, -5.196655435430464, -12.317431726106744, -14.65303399720782, -15.7620904155014, -19.34784770727508, -22.718525130562558, -25.04599992638777 | 1.339941403540131
-5.17652496284585, -5.196655435430464, -5.192846531250001, -14.65303399720782, -15.7620904155014, -15.772365219400498, -22.718525130562558, -25.04599992638777, -26.23523326093812 | 1.559108683629013
-5.196655435430464, -5.192846531250001, -5.152500736105393, -15.7620904155014, -15.772365219400498, -15.7552661895638, -25.04599992638777, -26.23523326093812, -26.28489220496633 | 1.3935728575021544
-5.192846531250001, -5.152500736105393, -5.167647755110384, -15.772365219400498, -15.7552661895638, -15.732777249488754, -26.23523326093812, -26.28489220496633, -26.264813397260276 | 1.3142761871602555
-5.152500736105393, -5.167647755110384, -5.181765266693978, -15.7552661895638, -15.732777249488754, -15.743160347493628, -26.28489220496633, -26.264813397260276, -26.238130758278142 | 1.2245370062465444
-5.167647755110384, -5.181765266693978, -5.205270157024793, -15.732777249488754, -15.743160347493628, -15.735893671529803, -26.264813397260276, -26.238130758278142, -26.260807076135897 | 1.1457954494449312
-5.181765266693978, -5.205270157024793, -5.230034915603129, -15.743160347493628, -15.735893671529803, -15.735575787547328, -26.238130758278142, -26.260807076135897, -26.25925283884298 | 0.971450396998206
-5.205270157024793, -5.230034915603129, -5.235743168174343, -15.735893671529803, -15.735575787547328, -15.740137700041206, -26.260807076135897, -26.25925283884298, -26.271988611774397 | 0.8372846725102636
-5.230034915603129, -5.235743168174343, -5.19904057805383, -15.735575787547328, -15.740137700041206, -15.728293628853269, -26.25925283884298, -26.271988611774397, -26.27822564279836 | 0.6299617888910245
-5.235743168174343, -5.19904057805383, -5.190198986699917, -15.740137700041206, -15.728293628853269, -15.800812759654889, -26.271988611774397, -26.27822564279836, -26.03795840589391 | 0.3879115776807639
-5.19904057805383, -5.190198986699917, -5.225448186764109, -15.728293628853269, -15.800812759654889, -15.498683854858056, -26.27822564279836, -26.03795840589391, -24.614265219551932 | 0.248389548631851
-5.190198986699917, -5.225448186764109, -5.014713136381553, -15.800812759654889, -15.498683854858056, -14.1919639808554, -26.03795840589391, -24.614265219551932, -22.14156514959966 | -0.0260954784032741
-5.225448186764109, -5.014713136381553, -4.034877766164748, -15.498683854858056, -14.1919639808554, -11.752814821291148, -24.614265219551932, -22.14156514959966, -18.843311039274923 | -0.4834562014129477
-5.014713136381553, -4.034877766164748, -2.5686376516782774, -14.1919639808554, -11.752814821291148, -8.37433347635279, -22.14156514959966, -18.843311039274923, -14.705681387931037 | -0.9134452688177762
-4.034877766164748, -2.5686376516782774, -1.034793696902655, -11.752814821291148, -8.37433347635279, -4.252958573068432, -18.843311039274923, -14.705681387931037, -9.787571357692308 | -1.4090043845849416
-1.5533421491935484, -4.687446523890785, -8.955559368731564, -4.1958201271777, -10.04262529497016, -15.12869146953873, -7.834880728415759, -14.6202428944468, -20.531907986637933 | 0.9648801526260068
-4.687446523890785, -8.955559368731564, -12.317431726106744, -10.04262529497016, -15.12869146953873, -19.34784770727508, -14.6202428944468, -20.531907986637933, -25.50593795526204 | 0.7812292279011587
-8.955559368731564, -12.317431726106744, -14.65303399720782, -15.12869146953873, -19.34784770727508, -22.718525130562558, -20.531907986637933, -25.50593795526204, -29.74789755941656 | 0.6165880050623104
-12.317431726106744, -14.65303399720782, -15.7620904155014, -19.34784770727508, -22.718525130562558, -25.04599992638777, -25.50593795526204, -29.74789755941656, -33.06451002237231 | 1.1222002219570986
-14.65303399720782, -15.7620904155014, -15.772365219400498, -22.718525130562558, -25.04599992638777, -26.23523326093812, -29.74789755941656, -33.06451002237231, -35.464603702549574 | 1.7915551220115842
-15.7620904155014, -15.772365219400498, -15.7552661895638, -25.04599992638777, -26.23523326093812, -26.28489220496633, -33.06451002237231, -35.464603702549574, -36.70499674229249 | 2.2486137376873274
-15.772365219400498, -15.7552661895638, -15.732777249488754, -26.23523326093812, -26.28489220496633, -26.264813397260276, -35.464603702549574, -36.70499674229249, -36.75643768595388 | 2.313010191601463
-15.7552661895638, -15.732777249488754, -15.743160347493628, -26.28489220496633, -26.264813397260276, -26.238130758278142, -36.70499674229249, -36.75643768595388, -36.77096501814433 | 2.4729833423460525
-15.732777249488754, -15.743160347493628, -15.735893671529803, -26.264813397260276, -26.238130758278142, -26.260807076135897, -36.75643768595388, -36.77096501814433, -36.77020694752066 | 2.586614122339405
-15.743160347493628, -15.735893671529803, -15.735575787547328, -26.238130758278142, -26.260807076135897, -26.25925283884298, -36.77096501814433, -36.77020694752066, -36.75166750874272 | 2.5147681696461044
-15.735893671529803, -15.735575787547328, -15.740137700041206, -26.260807076135897, -26.25925283884298, -26.271988611774397, -36.77020694752066, -36.75166750874272, -36.80557771817059 | 2.230140758825212
-15.735575787547328, -15.740137700041206, -15.728293628853269, -26.25925283884298, -26.271988611774397, -26.27822564279836, -36.75166750874272, -36.80557771817059, -36.50356825628931 | 1.71022886001286
-15.740137700041206, -15.728293628853269, -15.800812759654889, -26.271988611774397, -26.27822564279836, -26.03795840589391, -36.80557771817059, -36.50356825628931, -35.06676772276423 | 1.2046976925479818
-15.728293628853269, -15.800812759654889, -15.498683854858056, -26.27822564279836, -26.03795840589391, -24.614265219551932, -36.50356825628931, -35.06676772276423, -32.59174473768421 | 0.7635465324544425
-15.800812759654889, -15.498683854858056, -14.1919639808554, -26.03795840589391, -24.614265219551932, -22.14156514959966, -35.06676772276423, -32.59174473768421, -29.264281305389225 | -0.0377023886813049
-15.498683854858056, -14.1919639808554, -11.752814821291148, -24.614265219551932, -22.14156514959966, -18.843311039274923, -32.59174473768421, -29.264281305389225, -25.145030821756222 | -0.8944317126426825
-14.1919639808554, -11.752814821291148, -8.37433347635279, -22.14156514959966, -18.843311039274923, -14.705681387931037, -29.264281305389225, -25.145030821756222, -20.26040427471117 | -1.3729997998887
-11.752814821291148, -8.37433347635279, -4.252958573068432, -18.843311039274923, -14.705681387931037, -9.787571357692308, -25.145030821756222, -20.26040427471117, -14.698320270797964 | -1.3204390723498696
-8.37433347635279, -4.252958573068432, -1.53384907102593, -14.705681387931037, -9.787571357692308, -4.296800959911894, -20.26040427471117, -14.698320270797964, -8.36277258850866 | -1.2557416519916482
-4.1958201271777, -10.04262529497016, -15.12869146953873, -7.834880728415759, -14.6202428944468, -20.531907986637933, -10.570507540451745, -18.308981117918588, -25.076232376279865 | 0.8603485063858965
-10.04262529497016, -15.12869146953873, -19.34784770727508, -14.6202428944468, -20.531907986637933, -25.50593795526204, -18.308981117918588, -25.076232376279865, -30.956440036653728 | 0.1025531694834647
-15.12869146953873, -19.34784770727508, -22.718525130562558, -20.531907986637933, -25.50593795526204, -29.74789755941656, -25.076232376279865, -30.956440036653728, -35.995257508358335 | -0.0599607111559555
-19.34784770727508, -22.718525130562558, -25.04599992638777, -25.50593795526204, -29.74789755941656, -33.06451002237231, -30.956440036653728, -35.995257508358335, -40.204004367703455 | 0.4447161842291444
-22.718525130562558, -25.04599992638777, -26.23523326093812, -29.74789755941656, -33.06451002237231, -35.464603702549574, -35.995257508358335, -40.204004367703455, -43.60119230392571 | 1.150310924970234
-25.04599992638777, -26.23523326093812, -26.28489220496633, -33.06451002237231, -35.464603702549574, -36.70499674229249, -40.204004367703455, -43.60119230392571, -45.95989599637243 | 1.860789683293288
-26.23523326093812, -26.28489220496633, -26.264813397260276, -35.464603702549574, -36.70499674229249, -36.75643768595388, -43.60119230392571, -45.95989599637243, -47.211735390768006 | 2.412090704584028
-26.28489220496633, -26.264813397260276, -26.238130758278142, -36.70499674229249, -36.75643768595388, -36.77096501814433, -45.95989599637243, -47.211735390768006, -47.27347989493356 | 2.723807526516353
-26.264813397260276, -26.238130758278142, -26.260807076135897, -36.75643768595388, -36.77096501814433, -36.77020694752066, -47.211735390768006, -47.27347989493356, -47.22788409577582 | 3.20265931057372
-26.238130758278142, -26.260807076135897, -26.25925283884298, -36.77096501814433, -36.77020694752066, -36.75166750874272, -47.27347989493356, -47.22788409577582, -47.28733380946502 | 3.222854474788553
-26.260807076135897, -26.25925283884298, -26.271988611774397, -36.77020694752066, -36.75166750874272, -36.80557771817059, -47.22788409577582, -47.28733380946502, -46.94038763966812 | 2.6910673979587263
-26.25925283884298, -26.271988611774397, -26.27822564279836, -36.75166750874272, -36.80557771817059, -36.50356825628931, -47.28733380946502, -46.94038763966812, -45.49794355748553 | 1.8616110739456548
-26.271988611774397, -26.27822564279836, -26.03795840589391, -36.80557771817059, -36.50356825628931, -35.06676772276423, -46.94038763966812, -45.49794355748553, -43.12671494320572 | 1.0699117824270263
-26.27822564279836, -26.03795840589391, -24.614265219551932, -36.50356825628931, -35.06676772276423, -32.59174473768421, -45.49794355748553, -43.12671494320572, -39.76560381369151 | 0.1833865565433438
-26.03795840589391, -24.614265219551932, -22.14156514959966, -35.06676772276423, -32.59174473768421, -29.264281305389225, -43.12671494320572, -39.76560381369151, -35.6349851116359 | -0.7459809090609929
-24.614265219551932, -22.14156514959966, -18.843311039274923, -32.59174473768421, -29.264281305389225, -25.145030821756222, -39.76560381369151, -35.6349851116359, -30.771338084260048 | -1.5241787704420038
-22.14156514959966, -18.843311039274923, -14.705681387931037, -29.264281305389225, -25.145030821756222, -20.26040427471117, -35.6349851116359, -30.771338084260048, -25.17004910349233 | -2.017021702014596
-18.843311039274923, -14.705681387931037, -9.787571357692308, -25.145030821756222, -20.26040427471117, -14.698320270797964, -30.771338084260048, -25.17004910349233, -18.87565436627655 | -1.9952546147767751
-14.705681387931037, -9.787571357692308, -4.296800959911894, -20.26040427471117, -14.698320270797964, -8.36277258850866, -25.17004910349233, -18.87565436627655, -11.72299869517358 | -1.4442234223669057
-9.787571357692308, -4.296800959911894, -1.034234257142857, -14.698320270797964, -8.36277258850866, -2.549295951310861, -18.87565436627655, -11.72299869517358, -4.009070805336832 | -1.6139854523372994
-7.834880728415759, -14.6202428944468, -20.531907986637933, -10.570507540451745, -18.308981117918588, -25.076232376279865, -12.027885308700832, -21.007414394469297, -28.816054417916845 | 0.7030213843034385
-14.6202428944468, -20.531907986637933, -25.50593795526204, -18.308981117918588, -25.076232376279865, -30.956440036653728, -21.007414394469297, -28.816054417916845, -35.56016841840648 | -0.1062651159168692
-20.531907986637933, -25.50593795526204, -29.74789755941656, -25.076232376279865, -30.956440036653728, -35.995257508358335, -28.816054417916845, -35.56016841840648, -41.47778162526585 | -0.3572765885080011
-25.50593795526204, -29.74789755941656, -33.06451002237231, -30.956440036653728, -35.995257508358335, -40.204004367703455, -35.56016841840648, -41.47778162526585, -46.524954784497446 | -0.068679210495263
-29.74789755941656, -33.06451002237231, -35.464603702549574, -35.995257508358335, -40.204004367703455, -43.60119230392571, -41.47778162526585, -46.524954784497446, -50.74383144449135 | 0.4646272307584875
-33.06451002237231, -35.464603702549574, -36.70499674229249, -40.204004367703455, -43.60119230392571, -45.95989599637243, -46.524954784497446, -50.74383144449135, -54.17215775984912 | 1.0946801428997217
-35.464603702549574, -36.70499674229249, -36.75643768595388, -43.60119230392571, -45.95989599637243, -47.211735390768006, -50.74383144449135, -54.17215775984912, -56.56405225191455 | 1.7188556572148734
-36.70499674229249, -36.75643768595388, -36.77096501814433, -45.95989599637243, -47.211735390768006, -47.27347989493356, -54.17215775984912, -56.56405225191455, -57.774225607212855 | 2.51373246616872
-36.75643768595388, -36.77096501814433, -36.77020694752066, -47.211735390768006, -47.27347989493356, -47.22788409577582, -56.56405225191455, -57.774225607212855, -57.8916100735235 | 3.148270322667892
-36.77096501814433, -36.77020694752066, -36.75166750874272, -47.27347989493356, -47.22788409577582, -47.28733380946502, -57.774225607212855, -57.8916100735235, -57.60174124374023 | 3.278559215098717
-36.77020694752066, -36.75166750874272, -36.80557771817059, -47.22788409577582, -47.28733380946502, -46.94038763966812, -57.8916100735235, -57.60174124374023, -56.12717570845128 | 2.6179445920915856
-36.75166750874272, -36.80557771817059, -36.50356825628931, -47.28733380946502, -46.94038763966812, -45.49794355748553, -57.60174124374023, -56.12717570845128, -53.63510901355358 | 1.4649896895248236
-36.80557771817059, -36.50356825628931, -35.06676772276423, -46.94038763966812, -45.49794355748553, -43.12671494320572, -56.12717570845128, -53.63510901355358, -50.261296792808224 | 0.3239373910373865
-36.50356825628931, -35.06676772276423, -32.59174473768421, -45.49794355748553, -43.12671494320572, -39.76560381369151, -53.63510901355358, -50.261296792808224, -46.15900574679761 | -0.5282425276961747
-35.06676772276423, -32.59174473768421, -29.264281305389225, -43.12671494320572, -39.76560381369151, -35.6349851116359, -50.261296792808224, -46.15900574679761, -41.30607992510822 | -1.3356006922292951
-32.59174473768421, -29.264281305389225, -25.145030821756222, -39.76560381369151, -35.6349851116359, -30.771338084260048, -46.15900574679761, -41.30607992510822, -35.699497045006424 | -1.9616543182869424
-29.264281305389225, -25.145030821756222, -20.26040427471117, -35.6349851116359, -30.771338084260048, -25.17004910349233, -41.30607992510822, -35.699497045006424, -29.307895161758427 | -2.2224525022003414
-25.145030821756222, -20.26040427471117, -14.698320270797964, -30.771338084260048, -25.17004910349233, -18.87565436627655, -35.699497045006424, -29.307895161758427, -22.22441818478261 | -2.108394692975282
-20.26040427471117, -14.698320270797964, -8.36277258850866, -25.17004910349233, -18.87565436627655, -11.72299869517358, -29.307895161758427, -22.22441818478261, -14.215681586965548 | -1.585631444975251
-14.698320270797964, -8.36277258850866, -2.549295951310861, -18.87565436627655, -11.72299869517358, -4.009070805336832, -22.22441818478261, -14.215681586965548, -5.012343718404424 | -1.2610853914870397
-10.570507540451745, -18.308981117918588, -25.076232376279865, -12.027885308700832, -21.007414394469297, -28.816054417916845, -12.248181816368923, -22.494130206100905, -31.527939893908837 | 0.9147289409871304
-18.308981117918588, -25.076232376279865, -30.956440036653728, -21.007414394469297, -28.816054417916845, -35.56016841840648, -22.494130206100905, -31.527939893908837, -39.3261318840399 | 0.1559822207844105
-25.076232376279865, -30.956440036653728, -35.995257508358335, -28.816054417916845, -35.56016841840648, -41.47778162526585, -31.527939893908837, -39.3261318840399, -46.084157613549216 | -0.349599288634506
-30.956440036653728, -35.995257508358335, -40.204004367703455, -35.56016841840648, -41.47778162526585, -46.524954784497446, -39.3261318840399, -46.084157613549216, -51.99474645399828 | -0.3634896189241601
-35.995257508358335, -40.204004367703455, -43.60119230392571, -41.47778162526585, -46.524954784497446, -50.74383144449135, -46.084157613549216, -51.99474645399828, -57.10178883412322 | -0.1373108597339773
-40.204004367703455, -43.60119230392571, -45.95989599637243, -46.524954784497446, -50.74383144449135, -54.17215775984912, -51.99474645399828, -57.10178883412322, -61.42350076838683 | 0.2539537581157509
-43.60119230392571, -45.95989599637243, -47.211735390768006, -50.74383144449135, -54.17215775984912, -56.56405225191455, -57.10178883412322, -61.42350076838683, -63.92632010905512 | 0.820228377962918
-45.95989599637243, -47.211735390768006, -47.27347989493356, -54.17215775984912, -56.56405225191455, -57.774225607212855, -61.42350076838683, -63.92632010905512, -64.88675752254098 | 1.551281455756803
-47.211735390768006, -47.27347989493356, -47.22788409577582, -56.56405225191455, -57.774225607212855, -57.8916100735235, -63.92632010905512, -64.88675752254098, -65.05760647811587 | 2.264931279298797
-47.27347989493356, -47.22788409577582, -47.28733380946502, -57.774225607212855, -57.8916100735235, -57.60174124374023, -64.88675752254098, -65.05760647811587, -64.7652350197501 | 2.399549475626847
-47.22788409577582, -47.28733380946502, -46.94038763966812, -57.8916100735235, -57.60174124374023, -56.12717570845128, -65.05760647811587, -64.7652350197501, -63.60620125552923 | 1.8532982854480848
-47.28733380946502, -46.94038763966812, -45.49794355748553, -57.60174124374023, -56.12717570845128, -53.63510901355358, -64.7652350197501, -63.60620125552923, -60.89169976288659 | 0.6731820589959792
-46.94038763966812, -45.49794355748553, -43.12671494320572, -56.12717570845128, -53.63510901355358, -50.261296792808224, -63.60620125552923, -60.89169976288659, -56.664992896581566 | -0.3315787537747333
-45.49794355748553, -43.12671494320572, -39.76560381369151, -53.63510901355358, -50.261296792808224, -46.15900574679761, -60.89169976288659, -56.664992896581566, -51.801535534803286 | -1.1328549189795996
-43.12671494320572, -39.76560381369151, -35.6349851116359, -50.261296792808224, -46.15900574679761, -41.30607992510822, -56.664992896581566, -51.801535534803286, -46.17931704473684 | -1.728271338144387
-39.76560381369151, -35.6349851116359, -30.771338084260048, -46.15900574679761, -41.30607992510822, -35.699497045006424, -51.801535534803286, -46.17931704473684, -39.85259158570821 | -2.0506244446682222
-35.6349851116359, -30.771338084260048, -25.17004910349233, -41.30607992510822, -35.699497045006424, -29.307895161758427, -46.17931704473684, -39.85259158570821, -32.6946225140187 | -2.036137024632299
-30.771338084260048, -25.17004910349233, -18.87565436627655, -35.699497045006424, -29.307895161758427, -22.22441818478261, -39.85259158570821, -32.6946225140187, -24.6359488405261 | -1.7524795214358635
-25.17004910349233, -18.87565436627655, -11.72299869517358, -29.307895161758427, -22.22441818478261, -14.215681586965548, -32.6946225140187, -24.6359488405261, -15.519529059308722 | -1.1748745064565718
-18.87565436627655, -11.72299869517358, -4.009070805336832, -22.22441818478261, -14.215681586965548, -5.012343718404424, -24.6359488405261, -15.519529059308722, -5.195149294975689 | -0.859345027904385
-12.027885308700832, -21.007414394469297, -28.816054417916845, -12.248181816368923, -22.494130206100905, -31.527939893908837, -12.242144039142977, -22.72423588879837, -32.979552300813005 | 1.1565830043626717
-21.007414394469297, -28.816054417916845, -35.56016841840648, -22.494130206100905, -31.527939893908837, -39.3261318840399, -22.72423588879837, -32.979552300813005, -42.03662710036276 | 0.6283827812574411
-28.816054417916845, -35.56016841840648, -41.47778162526585, -31.527939893908837, -39.3261318840399, -46.084157613549216, -32.979552300813005, -42.03662710036276, -49.83583004154303 | -0.0042238795636552
-35.56016841840648, -41.47778162526585, -46.524954784497446, -39.3261318840399, -46.084157613549216, -51.99474645399828, -42.03662710036276, -49.83583004154303, -56.591456757252566 | -0.3868887435518091
-41.47778162526585, -46.524954784497446, -50.74383144449135, -46.084157613549216, -51.99474645399828, -57.10178883412322, -49.83583004154303, -56.591456757252566, -62.43631574541005 | -0.3932006028244383
-46.524954784497446, -50.74383144449135, -54.17215775984912, -51.99474645399828, -57.10178883412322, -61.42350076838683, -56.591456757252566, -62.43631574541005, -65.39522600393701 | -0.0835546092774019
-50.74383144449135, -54.17215775984912, -56.56405225191455, -57.10178883412322, -61.42350076838683, -63.92632010905512, -62.43631574541005, -65.39522600393701, -66.51130329966004 | 0.3075626329285414
-54.17215775984912, -56.56405225191455, -57.774225607212855, -61.42350076838683, -63.92632010905512, -64.88675752254098, -65.39522600393701, -66.51130329966004, -67.05479147123016 | 0.1313961088310614
-56.56405225191455, -57.774225607212855, -57.8916100735235, -63.92632010905512, -64.88675752254098, -65.05760647811587, -66.51130329966004, -67.05479147123016, -67.21557451804252 | -0.0930016310679128
-57.774225607212855, -57.8916100735235, -57.60174124374023, -64.88675752254098, -65.05760647811587, -64.7652350197501, -67.05479147123016, -67.21557451804252, -67.05638503028798 | -0.2177936645480793
-57.8916100735235, -57.60174124374023, -56.12717570845128, -65.05760647811587, -64.7652350197501, -63.60620125552923, -67.21557451804252, -67.05638503028798, -66.4960468942495 | -0.2943851759744821
-57.60174124374023, -56.12717570845128, -53.63510901355358, -64.7652350197501, -63.60620125552923, -60.89169976288659, -67.05638503028798, -66.4960468942495, -65.2766983918402 | -0.2765961256897939
-56.12717570845128, -53.63510901355358, -50.261296792808224, -63.60620125552923, -60.89169976288659, -56.664992896581566, -66.4960468942495, -65.2766983918402, -62.26011313590672 | -0.4776309402433391
-53.63510901355358, -50.261296792808224, -46.15900574679761, -60.89169976288659, -56.664992896581566, -51.801535534803286, -65.2766983918402, -62.26011313590672, -56.66075456609441 | -1.2015857995445474
-50.261296792808224, -46.15900574679761, -41.30607992510822, -56.664992896581566, -51.801535534803286, -46.17931704473684, -62.26011313590672, -56.66075456609441, -50.34657095053306 | -1.7335472106252054
-46.15900574679761, -41.30607992510822, -35.699497045006424, -51.801535534803286, -46.17931704473684, -39.85259158570821, -56.66075456609441, -50.34657095053306, -43.17228084519351 | -1.8791484080484355
-41.30607992510822, -35.699497045006424, -29.307895161758427, -46.17931704473684, -39.85259158570821, -32.6946225140187, -50.34657095053306, -43.17228084519351, -35.12812929394813 | -1.5445076175996613
-35.699497045006424, -29.307895161758427, -22.22441818478261, -39.85259158570821, -32.6946225140187, -24.6359488405261, -43.17228084519351, -35.12812929394813, -26.011624786820168 | -1.0011635509495702
-29.307895161758427, -22.22441818478261, -14.215681586965548, -32.6946225140187, -24.6359488405261, -15.519529059308722, -35.12812929394813, -26.011624786820168, -15.742001712114988 | -0.4308267365941651
-22.22441818478261, -14.215681586965548, -5.012343718404424, -24.6359488405261, -15.519529059308722, -5.195149294975689, -26.011624786820168, -15.742001712114988, -5.198724673519737 | -0.3664091234956422
-12.248181816368923, -22.494130206100905, -31.527939893908837, -12.242144039142977, -22.72423588879837, -32.979552300813005, -12.263368580631925, -22.53915044624325, -33.09588813398295 | 1.0826546058124822
-22.494130206100905, -31.527939893908837, -39.3261318840399, -22.72423588879837, -32.979552300813005, -42.03662710036276, -22.53915044624325, -33.09588813398295, -43.462799920292646 | 0.9704383725926568
-31.527939893908837, -39.3261318840399, -46.084157613549216, -32.979552300813005, -42.03662710036276, -49.83583004154303, -33.09588813398295, -43.462799920292646, -52.53900730312881 | 0.4626284807415958
-39.3261318840399, -46.084157613549216, -51.99474645399828, -42.03662710036276, -49.83583004154303, -56.591456757252566, -43.462799920292646, -52.53900730312881, -60.398493610443424 | -0.0279691212182856
-46.084157613549216, -51.99474645399828, -57.10178883412322, -49.83583004154303, -56.591456757252566, -62.43631574541005, -52.53900730312881, -60.398493610443424, -65.15886455390492 | -0.2033289680981234
-51.99474645399828, -57.10178883412322, -61.42350076838683, -56.591456757252566, -62.43631574541005, -65.39522600393701, -60.398493610443424, -65.15886455390492, -66.76241812536728 | 0.0035973618680566
-57.10178883412322, -61.42350076838683, -63.92632010905512, -62.43631574541005, -65.39522600393701, -66.51130329966004, -65.15886455390492, -66.76241812536728, -67.70062342624567 | -0.8401715016757728
-61.42350076838683, -63.92632010905512, -64.88675752254098, -65.39522600393701, -66.51130329966004, -67.05479147123016, -66.76241812536728, -67.70062342624567, -68.26542267514677 | -1.2773495870263387
-63.92632010905512, -64.88675752254098, -65.05760647811587, -66.51130329966004, -67.05479147123016, -67.21557451804252, -67.70062342624567, -68.26542267514677, -68.47042709760956 | -1.2187868423031971
-64.88675752254098, -65.05760647811587, -64.7652350197501, -67.05479147123016, -67.21557451804252, -67.05638503028798, -68.26542267514677, -68.47042709760956, -68.34020949901672 | -1.2015247692693
-65.05760647811587, -64.7652350197501, -63.60620125552923, -67.21557451804252, -67.05638503028798, -66.4960468942495, -68.47042709760956, -68.34020949901672, -67.82760462118226 | -1.3390606898628654
-64.7652350197501, -63.60620125552923, -60.89169976288659, -67.05638503028798, -66.4960468942495, -65.2766983918402, -68.34020949901672, -67.82760462118226, -66.90547016434955 | -1.566092506460695
-63.60620125552923, -60.89169976288659, -56.664992896581566, -66.4960468942495, -65.2766983918402, -62.26011313590672, -67.82760462118226, -66.90547016434955, -65.29044824043011 | -1.2983247012642285
-60.89169976288659, -56.664992896581566, -51.801535534803286, -65.2766983918402, -62.26011313590672, -56.66075456609441, -66.90547016434955, -65.29044824043011, -60.90680284615384 | -0.8202308861567044
-56.664992896581566, -51.801535534803286, -46.17931704473684, -62.26011313590672, -56.66075456609441, -50.34657095053306, -65.29044824043011, -60.90680284615384, -53.70141578738513 | -1.3751530675492043
-51.801535534803286, -46.17931704473684, -39.85259158570821, -56.66075456609441, -50.34657095053306, -43.17228084519351, -60.90680284615384, -53.70141578738513, -45.64002004418985 | -1.3658895201972572
-46.17931704473684, -39.85259158570821, -32.6946225140187, -50.34657095053306, -43.17228084519351, -35.12812929394813, -53.70141578738513, -45.64002004418985, -36.54819918983851 | -0.8519059441360227
-39.85259158570821, -32.6946225140187, -24.6359488405261, -43.17228084519351, -35.12812929394813, -26.011624786820168, -45.64002004418985, -36.54819918983851, -26.221091735608557 | -0.1694533214052447
-32.6946225140187, -24.6359488405261, -15.519529059308722, -35.12812929394813, -26.011624786820168, -15.742001712114988, -36.54819918983851, -26.221091735608557, -15.779473261435166 | 0.3384733302935745
-24.6359488405261, -15.519529059308722, -5.195149294975689, -26.011624786820168, -15.742001712114988, -5.198724673519737, -26.221091735608557, -15.779473261435166, -5.213662130864198 | -0.0365693800669385
-12.242144039142977, -22.72423588879837, -32.979552300813005, -12.263368580631925, -22.53915044624325, -33.09588813398295, -11.917437159772913, -22.264779057096906, -32.60116364357632 | 0.8776321893441206
-22.72423588879837, -32.979552300813005, -42.03662710036276, -22.53915044624325, -33.09588813398295, -43.462799920292646, -22.264779057096906, -32.60116364357632, -43.42990876541233 | 0.9217655929852546
-32.979552300813005, -42.03662710036276, -49.83583004154303, -33.09588813398295, -43.462799920292646, -52.53900730312881, -32.60116364357632, -43.42990876541233, -53.93156067635951 | 0.8174471908766141
-42.03662710036276, -49.83583004154303, -56.591456757252566, -43.462799920292646, -52.53900730312881, -60.398493610443424, -43.42990876541233, -53.93156067635951, -62.66859363082851 | 0.482619948770645
-49.83583004154303, -56.591456757252566, -62.43631574541005, -52.53900730312881, -60.398493610443424, -65.15886455390492, -53.93156067635951, -62.66859363082851, -66.2067089598662 | 0.346731918128638
-56.591456757252566, -62.43631574541005, -65.39522600393701, -60.398493610443424, -65.15886455390492, -66.76241812536728, -62.66859363082851, -66.2067089598662, -67.5375201000991 | -0.6385009857090328
-62.43631574541005, -65.39522600393701, -66.51130329966004, -65.15886455390492, -66.76241812536728, -67.70062342624567, -66.2067089598662, -67.5375201000991, -68.49040132400589 | -1.21469417993972
-65.39522600393701, -66.51130329966004, -67.05479147123016, -66.76241812536728, -67.70062342624567, -68.26542267514677, -67.5375201000991, -68.49040132400589, -69.09728341053678 | -0.7942719260560581
-66.51130329966004, -67.05479147123016, -67.21557451804252, -67.70062342624567, -68.26542267514677, -68.47042709760956, -68.49040132400589, -69.09728341053678, -69.3464130931397 | -0.4017190144129837
-67.05479147123016, -67.21557451804252, -67.05638503028798, -68.26542267514677, -68.47042709760956, -68.34020949901672, -69.09728341053678, -69.3464130931397, -69.24011126703405 | -0.1854793643056372
-67.21557451804252, -67.05638503028798, -66.4960468942495, -68.47042709760956, -68.34020949901672, -67.82760462118226, -69.3464130931397, -69.24011126703405, -68.7532162233153 | -0.2596986992200638
-67.05638503028798, -66.4960468942495, -65.2766983918402, -68.34020949901672, -67.82760462118226, -66.90547016434955, -69.24011126703405, -68.7532162233153, -67.84291206212426 | -0.8432749372823758
-66.4960468942495, -65.2766983918402, -62.26011313590672, -67.82760462118226, -66.90547016434955, -65.29044824043011, -68.7532162233153, -67.84291206212426, -66.50868213378575 | -1.6207437695967102
-65.2766983918402, -62.26011313590672, -56.66075456609441, -66.90547016434955, -65.29044824043011, -60.90680284615384, -67.84291206212426, -66.50868213378575, -63.6208417035573 | -1.413772892143493
-62.26011313590672, -56.66075456609441, -50.34657095053306, -65.29044824043011, -60.90680284615384, -53.70141578738513, -66.50868213378575, -63.6208417035573, -56.14710572395622 | -0.7585160909604324
-56.66075456609441, -50.34657095053306, -43.17228084519351, -60.90680284615384, -53.70141578738513, -45.64002004418985, -63.6208417035573, -56.14710572395622, -46.99209776790607 | -0.6475834963958019
-50.34657095053306, -43.17228084519351, -35.12812929394813, -53.70141578738513, -45.64002004418985, -36.54819918983851, -56.14710572395622, -46.99209776790607, -36.80710600824063 | 0.0470751532058324
-43.17228084519351, -35.12812929394813, -26.011624786820168, -45.64002004418985, -36.54819918983851, -26.221091735608557, -46.99209776790607, -36.80710600824063, -26.24685166190076 | 0.7155269832670494
-35.12812929394813, -26.011624786820168, -15.742001712114988, -36.54819918983851, -26.221091735608557, -15.779473261435166, -36.80710600824063, -26.24685166190076, -15.767610306004144 | 0.8350019411859254
-26.011624786820168, -15.742001712114988, -5.198724673519737, -26.221091735608557, -15.779473261435166, -5.213662130864198, -26.24685166190076, -15.767610306004144, -5.177075782161941 | 0.3424138417940352
-12.263368580631925, -22.53915044624325, -33.09588813398295, -11.917437159772913, -22.264779057096906, -32.60116364357632, -11.095964292426082, -21.18014703712672, -31.83624764724661 | 0.7102506218292137
-22.53915044624325, -33.09588813398295, -43.462799920292646, -22.264779057096906, -32.60116364357632, -43.42990876541233, -21.18014703712672, -31.83624764724661, -42.49350388924558 | 0.6816823238612042
-33.09588813398295, -43.462799920292646, -52.53900730312881, -32.60116364357632, -43.42990876541233, -53.93156067635951, -31.83624764724661, -42.49350388924558, -53.63114693737919 | 0.8319576319794287
-43.462799920292646, -52.53900730312881, -60.398493610443424, -43.42990876541233, -53.93156067635951, -62.66859363082851, -42.49350388924558, -53.63114693737919, -63.15259285826183 | 0.92829434007552
-52.53900730312881, -60.398493610443424, -65.15886455390492, -53.93156067635951, -62.66859363082851, -66.2067089598662, -53.63114693737919, -63.15259285826183, -66.59081345696015 | 0.5936391714184308
-60.398493610443424, -65.15886455390492, -66.76241812536728, -62.66859363082851, -66.2067089598662, -67.5375201000991, -63.15259285826183, -66.59081345696015, -67.94376925158768 | -0.966520218733372
-65.15886455390492, -66.76241812536728, -67.70062342624567, -66.2067089598662, -67.5375201000991, -68.49040132400589, -66.59081345696015, -67.94376925158768, -68.92966945247525 | -0.8726044233199104
-66.76241812536728, -67.70062342624567, -68.26542267514677, -67.5375201000991, -68.49040132400589, -69.09728341053678, -67.94376925158768, -68.92966945247525, -69.55348881197007 | -0.3793049007477576
-67.70062342624567, -68.26542267514677, -68.47042709760956, -68.49040132400589, -69.09728341053678, -69.3464130931397, -68.92966945247525, -69.55348881197007, -69.83586224355159 | 0.0254456728994826
-68.26542267514677, -68.47042709760956, -68.34020949901672, -69.09728341053678, -69.3464130931397, -69.24011126703405, -69.55348881197007, -69.83586224355159, -69.758662863388 | 0.3690568641637406
-68.47042709760956, -68.34020949901672, -67.82760462118226, -69.3464130931397, -69.24011126703405, -68.7532162233153, -69.83586224355159, -69.758662863388, -69.27067816549649 | 0.470709137864325
-68.34020949901672, -67.82760462118226, -66.90547016434955, -69.24011126703405, -68.7532162233153, -67.84291206212426, -69.758662863388, -69.27067816549649, -68.37148377536946 | 0.0762400356698623
-67.82760462118226, -66.90547016434955, -65.29044824043011, -68.7532162233153, -67.84291206212426, -66.50868213378575, -69.27067816549649, -68.37148377536946, -67.08538633152442 | -0.9138609633406124
-66.90547016434955, -65.29044824043011, -60.90680284615384, -67.84291206212426, -66.50868213378575, -63.6208417035573, -68.37148377536946, -67.08538633152442, -64.76557914764018 | -1.7134302256046847
-65.29044824043011, -60.90680284615384, -53.70141578738513, -66.50868213378575, -63.6208417035573, -56.14710572395622, -67.08538633152442, -64.76557914764018, -57.56204561180125 | -0.6093299935884111
-60.90680284615384, -53.70141578738513, -45.64002004418985, -63.6208417035573, -56.14710572395622, -46.99209776790607, -64.76557914764018, -57.56204561180125, -47.30739088527258 | 0.3189820576908889
-53.70141578738513, -45.64002004418985, -36.54819918983851, -56.14710572395622, -46.99209776790607, -36.80710600824063, -57.56204561180125, -47.30739088527258, -36.74617555852843 | 1.1561078265325933
-45.64002004418985, -36.54819918983851, -26.221091735608557, -46.99209776790607, -36.80710600824063, -26.24685166190076, -47.30739088527258, -36.74617555852843, -26.236697564926928 | 1.5397584653143908
-36.54819918983851, -26.221091735608557, -15.779473261435166, -36.80710600824063, -26.24685166190076, -15.767610306004144, -36.74617555852843, -26.236697564926928, -15.728069342072413 | 1.472769990865219
-26.221091735608557, -15.779473261435166, -5.213662130864198, -26.24685166190076, -15.767610306004144, -5.177075782161941, -26.236697564926928, -15.728069342072413, -5.230525600824743 | 0.6406157833478616
-11.917437159772913, -22.264779057096906, -32.60116364357632, -11.095964292426082, -21.18014703712672, -31.83624764724661, -10.024449726180611, -19.223954138985675, -29.9667553250591 | 0.2926807521972985
-22.264779057096906, -32.60116364357632, -43.42990876541233, -21.18014703712672, -31.83624764724661, -42.49350388924558, -19.223954138985675, -29.9667553250591, -40.83492580265729 | 0.5758443124679911
-32.60116364357632, -43.42990876541233, -53.93156067635951, -31.83624764724661, -42.49350388924558, -53.63114693737919, -29.9667553250591, -40.83492580265729, -51.80377136965729 | 0.6885718898518433
-43.42990876541233, -53.93156067635951, -62.66859363082851, -42.49350388924558, -53.63114693737919, -63.15259285826183, -40.83492580265729, -51.80377136965729, -62.148668509110784 | 1.0862394458323503
-53.93156067635951, -62.66859363082851, -66.2067089598662, -53.63114693737919, -63.15259285826183, -66.59081345696015, -51.80377136965729, -62.148668509110784, -66.43846499814386 | 0.6442379518494582
-62.66859363082851, -66.2067089598662, -67.5375201000991, -63.15259285826183, -66.59081345696015, -67.94376925158768, -62.148668509110784, -66.43846499814386, -67.90013230149255 | -0.8978805998723337
-66.2067089598662, -67.5375201000991, -68.49040132400589, -66.59081345696015, -67.94376925158768, -68.92966945247525, -66.43846499814386, -67.90013230149255, -68.94639544223108 | -0.6566598221373314
-67.5375201000991, -68.49040132400589, -69.09728341053678, -67.94376925158768, -68.92966945247525, -69.55348881197007, -67.90013230149255, -68.94639544223108, -69.61823665572139 | -0.245770975478231
-68.49040132400589, -69.09728341053678, -69.3464130931397, -68.92966945247525, -69.55348881197007, -69.83586224355159, -68.94639544223108, -69.61823665572139, -69.93675302652652 | 0.163241386991505
-69.09728341053678, -69.3464130931397, -69.24011126703405, -69.55348881197007, -69.83586224355159, -69.758662863388, -69.61823665572139, -69.93675302652652, -69.88105393860512 | 0.6380127923345995
-69.3464130931397, -69.24011126703405, -68.7532162233153, -69.83586224355159, -69.758662863388, -69.27067816549649, -69.93675302652652, -69.88105393860512, -69.41370110884692 | 0.8526997019648328
-69.24011126703405, -68.7532162233153, -67.84291206212426, -69.758662863388, -69.27067816549649, -68.37148377536946, -69.88105393860512, -69.41370110884692, -68.53821511495983 | 0.5325635104295562
-68.7532162233153, -67.84291206212426, -66.50868213378575, -69.27067816549649, -68.37148377536946, -67.08538633152442, -69.41370110884692, -68.53821511495983, -67.26250919572777 | -0.3346443427251626
-67.84291206212426, -66.50868213378575, -63.6208417035573, -68.37148377536946, -67.08538633152442, -64.76557914764018, -68.53821511495983, -67.26250919572777, -65.04944187639984 | -1.52132813253996
-66.50868213378575, -63.6208417035573, -56.14710572395622, -67.08538633152442, -64.76557914764018, -57.56204561180125, -67.26250919572777, -65.04944187639984, -57.9324194764683 | -0.553266164771963
-63.6208417035573, -56.14710572395622, -46.99209776790607, -64.76557914764018, -57.56204561180125, -47.30739088527258, -65.04944187639984, -57.9324194764683, -47.26964634137213 | 1.7276127815090137
-56.14710572395622, -46.99209776790607, -36.80710600824063, -57.56204561180125, -47.30739088527258, -36.74617555852843, -57.9324194764683, -47.26964634137213, -36.745066430820216 | 2.522323143629204
-46.99209776790607, -36.80710600824063, -26.24685166190076, -47.30739088527258, -36.74617555852843, -26.236697564926928, -47.26964634137213, -36.745066430820216, -26.209376663324974 | 2.5854380940058324
-36.80710600824063, -26.24685166190076, -15.767610306004144, -36.74617555852843, -26.236697564926928, -15.728069342072413, -36.745066430820216, -26.209376663324974, -15.73540063382046 | 2.126729143826754
-26.24685166190076, -15.767610306004144, -5.177075782161941, -26.236697564926928, -15.728069342072413, -5.230525600824743, -26.209376663324974, -15.73540063382046, -5.230870167350287 | 0.8969990186493726
-11.095964292426082, -21.18014703712672, -31.83624764724661, -10.024449726180611, -19.223954138985675, -29.9667553250591, -8.867118279099959, -16.742094058184637, -27.028399130250484 | -0.2525826703227341
-21.18014703712672, -31.83624764724661, -42.49350388924558, -19.223954138985675, -29.9667553250591, -40.83492580265729, -16.742094058184637, -27.028399130250484, -37.80999583980023 | 0.3317361145979335
-31.83624764724661, -42.49350388924558, -53.63114693737919, -29.9667553250591, -40.83492580265729, -51.80377136965729, -27.028399130250484, -37.80999583980023, -48.73573281283423 | 0.670317595363822
-42.49350388924558, -53.63114693737919, -63.15259285826183, -40.83492580265729, -51.80377136965729, -62.148668509110784, -37.80999583980023, -48.73573281283423, -59.65991648569359 | 1.0892115098950157
-53.63114693737919, -63.15259285826183, -66.59081345696015, -51.80377136965729, -62.148668509110784, -66.43846499814386, -48.73573281283423, -59.65991648569359, -65.65044439822259 | 1.0356067682332648
-63.15259285826183, -66.59081345696015, -67.94376925158768, -62.148668509110784, -66.43846499814386, -67.90013230149255, -59.65991648569359, -65.65044439822259, -67.43489524741253 | -0.770166499981318
-66.59081345696015, -67.94376925158768, -68.92966945247525, -66.43846499814386, -67.90013230149255, -68.94639544223108, -65.65044439822259, -67.43489524741253, -68.53025170348258 | -0.6995501704817172
-67.94376925158768, -68.92966945247525, -69.55348881197007, -67.90013230149255, -68.94639544223108, -69.61823665572139, -67.43489524741253, -68.53025170348258, -69.2644087885889 | -0.2365491644635146
-68.92966945247525, -69.55348881197007, -69.83586224355159, -68.94639544223108, -69.61823665572139, -69.93675302652652, -68.53025170348258, -69.2644087885889, -69.65431364207377 | 0.237352447778764
-69.55348881197007, -69.83586224355159, -69.758662863388, -69.61823665572139, -69.93675302652652, -69.88105393860512, -69.2644087885889, -69.65431364207377, -69.66879903585658 | 0.7701001432600053
-69.83586224355159, -69.758662863388, -69.27067816549649, -69.93675302652652, -69.88105393860512, -69.41370110884692, -69.65431364207377, -69.66879903585658, -69.27031342183624 | 1.030004008290278
-69.758662863388, -69.27067816549649, -68.37148377536946, -69.88105393860512, -69.41370110884692, -68.53821511495983, -69.66879903585658, -69.27031342183624, -68.45530637127237 | 0.7167494090068721
-69.27067816549649, -68.37148377536946, -67.08538633152442, -69.41370110884692, -68.53821511495983, -67.26250919572777, -69.27031342183624, -68.45530637127237, -67.21999356857978 | -0.1159992638707982
-68.37148377536946, -67.08538633152442, -64.76557914764018, -68.53821511495983, -67.26250919572777, -65.04944187639984, -68.45530637127237, -67.21999356857978, -65.0339256629492 | -1.3894804730719563
-67.08538633152442, -64.76557914764018, -57.56204561180125, -67.26250919572777, -65.04944187639984, -57.9324194764683, -67.21999356857978, -65.0339256629492, -57.94261752488153 | -0.3036717902079898
-64.76557914764018, -57.56204561180125, -47.30739088527258, -65.04944187639984, -57.9324194764683, -47.26964634137213, -65.0339256629492, -57.94261752488153, -47.26842077893423 | 2.9989633355450165
-57.56204561180125, -47.30739088527258, -36.74617555852843, -57.9324194764683, -47.26964634137213, -36.745066430820216, -57.94261752488153, -47.26842077893423, -36.71924762479271 | 3.753162621270264
-47.30739088527258, -36.74617555852843, -26.236697564926928, -47.26964634137213, -36.745066430820216, -26.209376663324974, -47.26842077893423, -36.71924762479271, -26.26789112834448 | 3.5052916411063157
-36.74617555852843, -26.236697564926928, -15.728069342072413, -36.745066430820216, -26.209376663324974, -15.73540063382046, -36.71924762479271, -26.26789112834448, -15.758304036640594 | 2.651142918922206
-26.236697564926928, -15.728069342072413, -5.230525600824743, -26.209376663324974, -15.73540063382046, -5.230870167350287, -26.26789112834448, -15.758304036640594, -5.208379764874847 | 1.145323785715989
-10.024449726180611, -19.223954138985675, -29.9667553250591, -8.867118279099959, -16.742094058184637, -27.028399130250484, -7.777795953159523, -14.267268847063622, -22.907179765731616 | -0.8001564763309496
-19.223954138985675, -29.9667553250591, -40.83492580265729, -16.742094058184637, -27.028399130250484, -37.80999583980023, -14.267268847063622, -22.907179765731616, -33.59920864052288 | 0.0369609408043029
-29.9667553250591, -40.83492580265729, -51.80377136965729, -27.028399130250484, -37.80999583980023, -48.73573281283423, -22.907179765731616, -33.59920864052288, -44.234426071241096 | 0.5412641756304475
-40.83492580265729, -51.80377136965729, -62.148668509110784, -37.80999583980023, -48.73573281283423, -59.65991648569359, -33.59920864052288, -44.234426071241096, -55.01704033395943 | 1.0022570093394492
-51.80377136965729, -62.148668509110784, -66.43846499814386, -48.73573281283423, -59.65991648569359, -65.65044439822259, -44.234426071241096, -55.01704033395943, -63.43723543604866 | 1.4564646261112344
-62.148668509110784, -66.43846499814386, -67.90013230149255, -59.65991648569359, -65.65044439822259, -67.43489524741253, -55.01704033395943, -63.43723543604866, -66.53610002335557 | -0.2494654181687849
-66.43846499814386, -67.90013230149255, -68.94639544223108, -65.65044439822259, -67.43489524741253, -68.53025170348258, -63.43723543604866, -66.53610002335557, -67.74838199109352 | -0.8171021358313744
-67.90013230149255, -68.94639544223108, -69.61823665572139, -67.43489524741253, -68.53025170348258, -69.2644087885889, -66.53610002335557, -67.74838199109352, -68.5408762347091 | -0.3053155582172053
-68.94639544223108, -69.61823665572139, -69.93675302652652, -68.53025170348258, -69.2644087885889, -69.65431364207377, -67.74838199109352, -68.5408762347091, -68.9878390900901 | 0.1961522923603752
-69.61823665572139, -69.93675302652652, -69.88105393860512, -69.2644087885889, -69.65431364207377, -69.66879903585658, -68.5408762347091, -68.9878390900901, -69.06358896704943 | 0.777447740681969
-69.93675302652652, -69.88105393860512, -69.41370110884692, -69.65431364207377, -69.66879903585658, -69.27031342183624, -68.9878390900901, -69.06358896704943, -68.7402307695351 | 1.0569043360333232
-69.88105393860512, -69.41370110884692, -68.53821511495983, -69.66879903585658, -69.27031342183624, -68.45530637127237, -69.06358896704943, -68.7402307695351, -68.0085556004016 | 0.7604784023222799
-69.41370110884692, -68.53821511495983, -67.26250919572777, -69.27031342183624, -68.45530637127237, -67.21999356857978, -68.7402307695351, -68.0085556004016, -66.84973830045067 | -0.0850676558558781
-68.53821511495983, -67.26250919572777, -65.04944187639984, -68.45530637127237, -67.21999356857978, -65.0339256629492, -68.0085556004016, -66.84973830045067, -64.62920672017793 | -1.3247570813148164
-67.26250919572777, -65.04944187639984, -57.9324194764683, -67.21999356857978, -65.0339256629492, -57.94261752488153, -66.84973830045067, -64.62920672017793, -57.48685764293915 | -0.1920258200073612
-65.04944187639984, -57.9324194764683, -47.26964634137213, -65.0339256629492, -57.94261752488153, -47.26842077893423, -64.62920672017793, -57.48685764293915, -47.32423870201397 | 3.28080853548763
-57.9324194764683, -47.26964634137213, -36.745066430820216, -57.94261752488153, -47.26842077893423, -36.71924762479271, -57.48685764293915, -47.32423870201397, -36.7487548563147 | 4.050527238989639
-47.26964634137213, -36.745066430820216, -26.209376663324974, -47.26842077893423, -36.71924762479271, -26.26789112834448, -47.32423870201397, -36.7487548563147, -26.2386574092219 | 3.774805350683319
-36.745066430820216, -26.209376663324974, -15.73540063382046, -36.71924762479271, -26.26789112834448, -15.758304036640594, -36.7487548563147, -26.2386574092219, -15.770602253687317 | 2.938832566296845
-26.209376663324974, -15.73540063382046, -5.230870167350287, -26.26789112834448, -15.758304036640594, -5.208379764874847, -26.2386574092219, -15.770602253687317, -5.1740955117235705 | 1.3449084605052568
-8.867118279099959, -16.742094058184637, -27.028399130250484, -7.777795953159523, -14.267268847063622, -22.907179765731616, -6.863685125452899, -12.141128495456512, -18.7708042566474 | -1.1787738954172953
-16.742094058184637, -27.028399130250484, -37.80999583980023, -14.267268847063622, -22.907179765731616, -33.59920864052288, -12.141128495456512, -18.7708042566474, -28.151389406485677 | -0.6374641251839744
-27.028399130250484, -37.80999583980023, -48.73573281283423, -22.907179765731616, -33.59920864052288, -44.234426071241096, -18.7708042566474, -28.151389406485677, -38.43209809438969 | 0.414048305262592
-37.80999583980023, -48.73573281283423, -59.65991648569359, -33.59920864052288, -44.234426071241096, -55.01704033395943, -28.151389406485677, -38.43209809438969, -48.58343202110022 | 0.8872304415917542
-48.73573281283423, -59.65991648569359, -65.65044439822259, -44.234426071241096, -55.01704033395943, -63.43723543604866, -38.43209809438969, -48.58343202110022, -58.27156074830175 | 1.4138671944084504
-59.65991648569359, -65.65044439822259, -67.43489524741253, -55.01704033395943, -63.43723543604866, -66.53610002335557, -48.58343202110022, -58.27156074830175, -64.36689613382183 | 0.7952436631290315
-65.65044439822259, -67.43489524741253, -68.53025170348258, -63.43723543604866, -66.53610002335557, -67.74838199109352, -58.27156074830175, -64.36689613382183, -66.53472552979822 | -0.7074043721205531
-67.43489524741253, -68.53025170348258, -69.2644087885889, -66.53610002335557, -67.74838199109352, -68.5408762347091, -64.36689613382183, -66.53472552979822, -67.43916301990049 | -0.5885751854356215
-68.53025170348258, -69.2644087885889, -69.65431364207377, -67.74838199109352, -68.5408762347091, -68.9878390900901, -66.53472552979822, -67.43916301990049, -67.9269313389328 | 0.0113544820284981
-69.2644087885889, -69.65431364207377, -69.66879903585658, -68.5408762347091, -68.9878390900901, -69.06358896704943, -67.43916301990049, -67.9269313389328, -68.06996073510587 | 0.5983631930161755
-69.65431364207377, -69.66879903585658, -69.27031342183624, -68.9878390900901, -69.06358896704943, -68.7402307695351, -67.9269313389328, -68.06996073510587, -67.81397690737052 | 0.8541628496674117
-69.66879903585658, -69.27031342183624, -68.45530637127237, -69.06358896704943, -68.7402307695351, -68.0085556004016, -68.06996073510587, -67.81397690737052, -67.14923910822723 | 0.537100182678885
-69.27031342183624, -68.45530637127237, -67.21999356857978, -68.7402307695351, -68.0085556004016, -66.84973830045067, -67.81397690737052, -67.14923910822723, -66.00094786147389 | -0.3187292766909035
-68.45530637127237, -67.21999356857978, -65.0339256629492, -68.0085556004016, -66.84973830045067, -64.62920672017793, -67.14923910822723, -66.00094786147389, -62.97348135655577 | -1.395422634833951
-67.21999356857978, -65.0339256629492, -57.94261752488153, -66.84973830045067, -64.62920672017793, -57.48685764293915, -66.00094786147389, -62.97348135655577, -55.722374123770486 | -0.2914023470768247
-65.0339256629492, -57.94261752488153, -47.26842077893423, -64.62920672017793, -57.48685764293915, -47.32423870201397, -62.97348135655577, -55.722374123770486, -46.93492498390263 | 2.248442780883752
-57.94261752488153, -47.26842077893423, -36.71924762479271, -57.48685764293915, -47.32423870201397, -36.7487548563147, -55.722374123770486, -46.93492498390263, -36.7538634670487 | 3.2937192442864225
-47.26842077893423, -36.71924762479271, -26.26789112834448, -47.32423870201397, -36.7487548563147, -26.2386574092219, -46.93492498390263, -36.7538634670487, -26.2531230821236 | 3.3706193434369576
-36.71924762479271, -26.26789112834448, -15.758304036640594, -36.7487548563147, -26.2386574092219, -15.770602253687317, -36.7538634670487, -26.2531230821236, -15.76264763035343 | 2.809984201319413
-26.26789112834448, -15.758304036640594, -5.208379764874847, -26.2386574092219, -15.770602253687317, -5.1740955117235705, -26.2531230821236, -15.76264763035343, -5.182746577596741 | 1.441271972758865
-7.777795953159523, -14.267268847063622, -22.907179765731616, -6.863685125452899, -12.141128495456512, -18.7708042566474, -6.082539540037244, -10.513782160493829, -15.22751399173212 | -1.2078432020160643
-14.267268847063622, -22.907179765731616, -33.59920864052288, -12.141128495456512, -18.7708042566474, -28.151389406485677, -10.513782160493829, -15.22751399173212, -22.341909321214395 | -1.1981383635019631
-22.907179765731616, -33.59920864052288, -44.234426071241096, -18.7708042566474, -28.151389406485677, -38.43209809438969, -15.22751399173212, -22.341909321214395, -31.614810491628614 | -0.0636418141627305
-33.59920864052288, -44.234426071241096, -55.01704033395943, -28.151389406485677, -38.43209809438969, -48.58343202110022, -22.341909321214395, -31.614810491628614, -41.11732147606582 | 0.7826711332152815
-44.234426071241096, -55.01704033395943, -63.43723543604866, -38.43209809438969, -48.58343202110022, -58.27156074830175, -31.614810491628614, -41.11732147606582, -50.14594837251221 | 1.2000114062865073
-55.01704033395943, -63.43723543604866, -66.53610002335557, -48.58343202110022, -58.27156074830175, -64.36689613382183, -41.11732147606582, -50.14594837251221, -58.24351090416368 | 1.5153152578453055
-63.43723543604866, -66.53610002335557, -67.74838199109352, -58.27156074830175, -64.36689613382183, -66.53472552979822, -50.14594837251221, -58.24351090416368, -63.39753218908956 | 0.4450034606932406
-66.53610002335557, -67.74838199109352, -68.5408762347091, -64.36689613382183, -66.53472552979822, -67.43916301990049, -58.24351090416368, -63.39753218908956, -65.60035397026337 | -0.6839540025147952
-67.74838199109352, -68.5408762347091, -68.9878390900901, -66.53472552979822, -67.43916301990049, -67.9269313389328, -63.39753218908956, -65.60035397026337, -66.4211471925612 | -0.5562015158844892
-68.5408762347091, -68.9878390900901, -69.06358896704943, -67.43916301990049, -67.9269313389328, -68.06996073510587, -65.60035397026337, -66.4211471925612, -66.68169827507303 | -0.0464162016844786
-68.9878390900901, -69.06358896704943, -68.7402307695351, -67.9269313389328, -68.06996073510587, -67.81397690737052, -66.4211471925612, -66.68169827507303, -66.49304229651162 | 0.183056061700001
-69.06358896704943, -68.7402307695351, -68.0085556004016, -68.06996073510587, -67.81397690737052, -67.14923910822723, -66.68169827507303, -66.49304229651162, -65.79563179431975 | -0.1491453409890763
-68.7402307695351, -68.0085556004016, -66.84973830045067, -67.81397690737052, -67.14923910822723, -66.00094786147389, -66.49304229651162, -65.79563179431975, -63.906313879600006 | -0.9681528495090842
-68.0085556004016, -66.84973830045067, -64.62920672017793, -67.14923910822723, -66.00094786147389, -62.97348135655577, -65.79563179431975, -63.906313879600006, -59.174699183966254 | -1.4235006790525604
-66.84973830045067, -64.62920672017793, -57.48685764293915, -66.00094786147389, -62.97348135655577, -55.722374123770486, -63.906313879600006, -59.174699183966254, -52.72859263670569 | -0.3263754115175844
-64.62920672017793, -57.48685764293915, -47.32423870201397, -62.97348135655577, -55.722374123770486, -46.93492498390263, -59.174699183966254, -52.72859263670569, -45.18997318148747 | 0.7728764397216149
-57.48685764293915, -47.32423870201397, -36.7487548563147, -55.722374123770486, -46.93492498390263, -36.7538634670487, -52.72859263670569, -45.18997318148747, -36.44669687209302 | 2.0089050313488745
-47.32423870201397, -36.7487548563147, -26.2386574092219, -46.93492498390263, -36.7538634670487, -26.2531230821236, -45.18997318148747, -36.44669687209302, -26.26336277347611 | 2.5201686583167877
-36.7487548563147, -26.2386574092219, -15.770602253687317, -36.7538634670487, -26.2531230821236, -15.76264763035343, -36.44669687209302, -26.26336277347611, -15.74951895973706 | 2.4675461479908933
-26.2386574092219, -15.770602253687317, -5.1740955117235705, -26.2531230821236, -15.76264763035343, -5.182746577596741, -26.26336277347611, -15.74951895973706, -5.218182836378737 | 1.4469182581423272
-6.863685125452899, -12.141128495456512, -18.7708042566474, -6.082539540037244, -10.513782160493829, -15.22751399173212, -5.3838866337236535, -9.245287565300286, -12.701445089065256 | -0.7946380194544125
-12.141128495456512, -18.7708042566474, -28.151389406485677, -10.513782160493829, -15.22751399173212, -22.341909321214395, -9.245287565300286, -12.701445089065256, -17.4316082800328 | -1.4355281039353704
-18.7708042566474, -28.151389406485677, -38.43209809438969, -15.22751399173212, -22.341909321214395, -31.614810491628614, -12.701445089065256, -17.4316082800328, -24.272584411329134 | -0.8026728566575312
-28.151389406485677, -38.43209809438969, -48.58343202110022, -22.341909321214395, -31.614810491628614, -41.11732147606582, -17.4316082800328, -24.272584411329134, -32.76756891441442 | 0.4548822733894235
-38.43209809438969, -48.58343202110022, -58.27156074830175, -31.614810491628614, -41.11732147606582, -50.14594837251221, -24.272584411329134, -32.76756891441442, -41.09830482150858 | 1.0428122272590368
-48.58343202110022, -58.27156074830175, -64.36689613382183, -41.11732147606582, -50.14594837251221, -58.24351090416368, -32.76756891441442, -41.09830482150858, -48.56254128672897 | 1.2469098921847233
-58.27156074830175, -64.36689613382183, -66.53472552979822, -50.14594837251221, -58.24351090416368, -63.39753218908956, -41.09830482150858, -48.56254128672897, -54.91572110801904 | 1.3571714749135704
-64.36689613382183, -66.53472552979822, -67.43916301990049, -58.24351090416368, -63.39753218908956, -65.60035397026337, -48.56254128672897, -54.91572110801904, -59.54396335244395 | 0.6919264896626128
-66.53472552979822, -67.43916301990049, -67.9269313389328, -63.39753218908956, -65.60035397026337, -66.4211471925612, -54.91572110801904, -59.54396335244395, -62.0446463939617 | -0.2916325408789061
-67.43916301990049, -67.9269313389328, -68.06996073510587, -65.60035397026337, -66.4211471925612, -66.68169827507303, -59.54396335244395, -62.0446463939617, -63.14317830769231 | -0.6467626507191768
-67.9269313389328, -68.06996073510587, -67.81397690737052, -66.4211471925612, -66.68169827507303, -66.49304229651162, -62.0446463939617, -63.14317830769231, -63.25356740278299 | -0.7224720483789914
-68.06996073510587, -67.81397690737052, -67.14923910822723, -66.68169827507303, -66.49304229651162, -65.79563179431975, -63.14317830769231, -63.25356740278299, -61.881638144747086 | -0.9548431040843384
-67.81397690737052, -67.14923910822723, -66.00094786147389, -66.49304229651162, -65.79563179431975, -63.906313879600006, -63.25356740278299, -61.881638144747086, -58.55967396336843 | -1.1374692118991057
-67.14923910822723, -66.00094786147389, -62.97348135655577, -65.79563179431975, -63.906313879600006, -59.174699183966254, -61.881638144747086, -58.55967396336843, -54.07962656400343 | -0.8220017616313794
-66.00094786147389, -62.97348135655577, -55.722374123770486, -63.906313879600006, -59.174699183966254, -52.72859263670569, -58.55967396336843, -54.07962656400343, -48.62374068023749 | -0.7944984642572901
-62.97348135655577, -55.722374123770486, -46.93492498390263, -59.174699183966254, -52.72859263670569, -45.18997318148747, -54.07962656400343, -48.62374068023749, -42.15907513246425 | -0.3383177688352617
-55.722374123770486, -46.93492498390263, -36.7538634670487, -52.72859263670569, -45.18997318148747, -36.44669687209302, -48.62374068023749, -42.15907513246425, -34.694816578968904 | 0.7229497479465624
-46.93492498390263, -36.7538634670487, -26.2531230821236, -45.18997318148747, -36.44669687209302, -26.26336277347611, -42.15907513246425, -34.694816578968904, -25.953820183745584 | 1.703005215549769
-36.7538634670487, -26.2531230821236, -15.76264763035343, -36.44669687209302, -26.26336277347611, -15.74951895973706, -34.694816578968904, -25.953820183745584, -15.7954891946533 | 1.994651301362509
-26.2531230821236, -15.76264763035343, -5.182746577596741, -26.26336277347611, -15.74951895973706, -5.218182836378737, -25.953820183745584, -15.7954891946533, -5.154333958041958 | 1.368632098803259
-6.082539540037244, -10.513782160493829, -15.22751399173212, -5.3838866337236535, -9.245287565300286, -12.701445089065256, -4.819296614726841, -8.242052439372326, -11.073364944099378 | -0.1433817289094069
-10.513782160493829, -15.22751399173212, -22.341909321214395, -9.245287565300286, -12.701445089065256, -17.4316082800328, -8.242052439372326, -11.073364944099378, -13.92949603127715 | -1.0188710182966063
-15.22751399173212, -22.341909321214395, -31.614810491628614, -12.701445089065256, -17.4316082800328, -24.272584411329134, -11.073364944099378, -13.92949603127715, -18.2193487771011 | -1.2610042580297156
-22.341909321214395, -31.614810491628614, -41.11732147606582, -17.4316082800328, -24.272584411329134, -32.76756891441442, -13.92949603127715, -18.2193487771011, -24.291722240677966 | -0.4619026779074857
-31.614810491628614, -41.11732147606582, -50.14594837251221, -24.272584411329134, -32.76756891441442, -41.09830482150858, -18.2193487771011, -24.291722240677966, -31.543484748868774 | 0.5874587453943687
-41.11732147606582, -50.14594837251221, -58.24351090416368, -32.76756891441442, -41.09830482150858, -48.56254128672897, -24.291722240677966, -31.543484748868774, -38.42264650340651 | 0.9150258705074374
-50.14594837251221, -58.24351090416368, -63.39753218908956, -41.09830482150858, -48.56254128672897, -54.91572110801904, -31.543484748868774, -38.42264650340651, -44.17369338188073 | 0.9208124946541444
-58.24351090416368, -63.39753218908956, -65.60035397026337, -48.56254128672897, -54.91572110801904, -59.54396335244395, -38.42264650340651, -44.17369338188073, -48.667783044254655 | 1.0057872735113351
-63.39753218908956, -65.60035397026337, -66.4211471925612, -54.91572110801904, -59.54396335244395, -62.0446463939617, -44.17369338188073, -48.667783044254655, -51.67538379430134 | 0.9849934706504988
-65.60035397026337, -66.4211471925612, -66.68169827507303, -59.54396335244395, -62.0446463939617, -63.14317830769231, -48.667783044254655, -51.67538379430134, -53.43524550019432 | 0.6422260191191834
-66.4211471925612, -66.68169827507303, -66.49304229651162, -62.0446463939617, -63.14317830769231, -63.25356740278299, -51.67538379430134, -53.43524550019432, -54.16625747816003 | 0.277818538698847
-66.68169827507303, -66.49304229651162, -65.79563179431975, -63.14317830769231, -63.25356740278299, -61.881638144747086, -53.43524550019432, -54.16625747816003, -53.57643008493905 | 0.0939871073317886
-66.49304229651162, -65.79563179431975, -63.906313879600006, -63.25356740278299, -61.881638144747086, -58.55967396336843, -54.16625747816003, -53.57643008493905, -51.43090795507008 | -0.0598394327145125
-65.79563179431975, -63.906313879600006, -59.174699183966254, -61.881638144747086, -58.55967396336843, -54.07962656400343, -53.57643008493905, -51.43090795507008, -48.026049540041925 | -0.6323317817975799
-63.906313879600006, -59.174699183966254, -52.72859263670569, -58.55967396336843, -54.07962656400343, -48.62374068023749, -51.43090795507008, -48.026049540041925, -43.54883047350427 | -1.1281095604245706
-59.174699183966254, -52.72859263670569, -45.18997318148747, -54.07962656400343, -48.62374068023749, -42.15907513246425, -48.026049540041925, -43.54883047350427, -38.11323031670823 | -1.0108907033344057
-52.72859263670569, -45.18997318148747, -36.44669687209302, -48.62374068023749, -42.15907513246425, -34.694816578968904, -43.54883047350427, -38.11323031670823, -31.66471603540956 | -0.2815898692346678
-45.18997318148747, -36.44669687209302, -26.26336277347611, -42.15907513246425, -34.694816578968904, -25.953820183745584, -38.11323031670823, -31.66471603540956, -24.21943365760649 | 0.6928124991471244
-36.44669687209302, -26.26336277347611, -15.74951895973706, -34.694816578968904, -25.953820183745584, -15.7954891946533, -31.66471603540956, -24.21943365760649, -15.499347348133597 | 1.458047389265393
-26.26336277347611, -15.74951895973706, -5.218182836378737, -25.953820183745584, -15.7954891946533, -5.154333958041958, -24.21943365760649, -15.499347348133597, -5.220001310004117 | 1.1823323548017657
-5.3838866337236535, -9.245287565300286, -12.701445089065256, -4.819296614726841, -8.242052439372326, -11.073364944099378, -4.306090026647286, -7.331310250117537, -9.721781467576792 | 0.516501757242757
-9.245287565300286, -12.701445089065256, -17.4316082800328, -8.242052439372326, -11.073364944099378, -13.92949603127715, -7.331310250117537, -9.721781467576792, -11.695859078608862 | -0.019572494845404
-12.701445089065256, -17.4316082800328, -24.272584411329134, -11.073364944099378, -13.92949603127715, -18.2193487771011, -9.721781467576792, -11.695859078608862, -13.960192405452185 | -0.9685431118076214
-17.4316082800328, -24.272584411329134, -32.76756891441442, -13.92949603127715, -18.2193487771011, -24.291722240677966, -11.695859078608862, -13.960192405452185, -17.44419019324269 | -1.067270740694023
-24.272584411329134, -32.76756891441442, -41.09830482150858, -18.2193487771011, -24.291722240677966, -31.543484748868774, -13.960192405452185, -17.44419019324269, -22.31736577590722 | -0.3864015238963956
-32.76756891441442, -41.09830482150858, -48.56254128672897, -24.291722240677966, -31.543484748868774, -38.42264650340651, -17.44419019324269, -22.31736577590722, -28.140922891561654 | 0.3450640320982193
-41.09830482150858, -48.56254128672897, -54.91572110801904, -31.543484748868774, -38.42264650340651, -44.17369338188073, -22.31736577590722, -28.140922891561654, -33.58005863670983 | 0.5445184179605195
-48.56254128672897, -54.91572110801904, -59.54396335244395, -38.42264650340651, -44.17369338188073, -48.667783044254655, -28.140922891561654, -33.58005863670983, -37.772021913536776 | 0.4375102656237172
-54.91572110801904, -59.54396335244395, -62.0446463939617, -44.17369338188073, -48.667783044254655, -51.67538379430134, -33.58005863670983, -37.772021913536776, -40.72825381126872 | 0.4018534422931153
-59.54396335244395, -62.0446463939617, -63.14317830769231, -48.667783044254655, -51.67538379430134, -53.43524550019432, -37.772021913536776, -40.72825381126872, -42.483195210906175 | 0.4415424151320536
-62.0446463939617, -63.14317830769231, -63.25356740278299, -51.67538379430134, -53.43524550019432, -54.16625747816003, -40.72825381126872, -42.483195210906175, -43.31445412747075 | 0.5379118552823559
-63.14317830769231, -63.25356740278299, -61.881638144747086, -53.43524550019432, -54.16625747816003, -53.57643008493905, -42.483195210906175, -43.31445412747075, -43.76551751583531 | 0.5394981786961958
-63.25356740278299, -61.881638144747086, -58.55967396336843, -54.16625747816003, -53.57643008493905, -51.43090795507008, -43.31445412747075, -43.76551751583531, -43.08804610211268 | 0.2932411986440179
-61.881638144747086, -58.55967396336843, -54.07962656400343, -53.57643008493905, -51.43090795507008, -48.026049540041925, -43.76551751583531, -43.08804610211268, -40.93311069385246 | -0.3006518190011534
-58.55967396336843, -54.07962656400343, -48.62374068023749, -51.43090795507008, -48.026049540041925, -43.54883047350427, -43.08804610211268, -40.93311069385246, -37.54525638406709 | -0.9438993922113764
-54.07962656400343, -48.62374068023749, -42.15907513246425, -48.026049540041925, -43.54883047350427, -38.11323031670823, -40.93311069385246, -37.54525638406709, -33.05094650322027 | -1.1952259732803
-48.62374068023749, -42.15907513246425, -34.694816578968904, -43.54883047350427, -38.11323031670823, -31.66471603540956, -37.54525638406709, -33.05094650322027, -27.60802291584793 | -0.9071335739235724
-42.15907513246425, -34.694816578968904, -25.953820183745584, -38.11323031670823, -31.66471603540956, -24.21943365760649, -33.05094650322027, -27.60802291584793, -21.221948424979043 | -0.3007167418308727
-34.694816578968904, -25.953820183745584, -15.7954891946533, -31.66471603540956, -24.21943365760649, -15.499347348133597, -27.60802291584793, -21.221948424979043, -13.815190800813008 | 0.4996951301602031
-25.953820183745584, -15.7954891946533, -5.154333958041958, -24.21943365760649, -15.499347348133597, -5.220001310004117, -21.221948424979043, -13.815190800813008, -4.937208182874855 | 0.8175940156153622
-4.819296614726841, -8.242052439372326, -11.073364944099378, -4.306090026647286, -7.331310250117537, -9.721781467576792, -3.765616448699764, -6.238285077697842, -8.180627031568724 | 0.91282240507219
-8.242052439372326, -11.073364944099378, -13.92949603127715, -7.331310250117537, -9.721781467576792, -11.695859078608862, -6.238285077697842, -8.180627031568724, -9.768331987916868 | 0.9615205215435132
-11.073364944099378, -13.92949603127715, -18.2193487771011, -9.721781467576792, -11.695859078608862, -13.960192405452185, -8.180627031568724, -9.768331987916868, -11.167468303520456 | 0.1440680852883267
-13.92949603127715, -18.2193487771011, -24.291722240677966, -11.695859078608862, -13.960192405452185, -17.44419019324269, -9.768331987916868, -11.167468303520456, -12.7730815042054 | -0.7723018693257937
-18.2193487771011, -24.291722240677966, -31.543484748868774, -13.960192405452185, -17.44419019324269, -22.31736577590722, -11.167468303520456, -12.7730815042054, -15.28870521307506 | -0.9857825950674046
-24.291722240677966, -31.543484748868774, -38.42264650340651, -17.44419019324269, -22.31736577590722, -28.140922891561654, -12.7730815042054, -15.28870521307506, -18.80247046340524 | -0.557098548195271
-31.543484748868774, -38.42264650340651, -44.17369338188073, -22.31736577590722, -28.140922891561654, -33.58005863670983, -15.28870521307506, -18.80247046340524, -22.91499790011525 | 0.0335827596625673
-38.42264650340651, -44.17369338188073, -48.667783044254655, -28.140922891561654, -33.58005863670983, -37.772021913536776, -18.80247046340524, -22.91499790011525, -26.963641284603423 | 0.2816925204635107
-44.17369338188073, -48.667783044254655, -51.67538379430134, -33.58005863670983, -37.772021913536776, -40.72825381126872, -22.91499790011525, -26.963641284603423, -29.943549618713448 | 0.1944278736517805
-48.667783044254655, -51.67538379430134, -53.43524550019432, -37.772021913536776, -40.72825381126872, -42.483195210906175, -26.963641284603423, -29.943549618713448, -31.78869435740072 | 0.1782572326061758
-51.67538379430134, -53.43524550019432, -54.16625747816003, -40.72825381126872, -42.483195210906175, -43.31445412747075, -29.943549618713448, -31.78869435740072, -32.5899319889208 | 0.3127679263900721
-53.43524550019432, -54.16625747816003, -53.57643008493905, -42.483195210906175, -43.31445412747075, -43.76551751583531, -31.78869435740072, -32.5899319889208, -33.060624814632135 | 0.5140853351564592
-54.16625747816003, -53.57643008493905, -51.43090795507008, -43.31445412747075, -43.76551751583531, -43.08804610211268, -32.5899319889208, -33.060624814632135, -33.26532803166332 | 0.7200856600378919
-53.57643008493905, -51.43090795507008, -48.026049540041925, -43.76551751583531, -43.08804610211268, -40.93311069385246, -33.060624814632135, -33.26532803166332, -32.5796237902015 | 0.427508137805733
-51.43090795507008, -48.026049540041925, -43.54883047350427, -43.08804610211268, -40.93311069385246, -37.54525638406709, -33.26532803166332, -32.5796237902015, -30.41899510625256 | -0.2657897623607689
-48.026049540041925, -43.54883047350427, -38.11323031670823, -40.93311069385246, -37.54525638406709, -33.05094650322027, -32.5796237902015, -30.41899510625256, -27.02736427276578 | -0.8581462189761236
-43.54883047350427, -38.11323031670823, -31.66471603540956, -37.54525638406709, -33.05094650322027, -27.60802291584793, -30.41899510625256, -27.02736427276578, -22.59295536794872 | -1.1493337018789938
-38.11323031670823, -31.66471603540956, -24.21943365760649, -33.05094650322027, -27.60802291584793, -21.221948424979043, -27.02736427276578, -22.59295536794872, -17.153761124573375 | -0.9736354941975623
-31.66471603540956, -24.21943365760649, -15.499347348133597, -27.60802291584793, -21.221948424979043, -13.815190800813008, -22.59295536794872, -17.153761124573375, -10.77973576470588 | -0.4003474228679259
-24.21943365760649, -15.499347348133597, -5.220001310004117, -21.221948424979043, -13.815190800813008, -4.937208182874855, -17.153761124573375, -10.77973576470588, -3.69181878762244 | 0.1861384087359995
-4.306090026647286, -7.331310250117537, -9.721781467576792, -3.765616448699764, -6.238285077697842, -8.180627031568724, -2.780579158168083, -4.738097711013645, -6.279997043374643 | 0.6636285466752504
-7.331310250117537, -9.721781467576792, -11.695859078608862, -6.238285077697842, -8.180627031568724, -9.768331987916868, -4.738097711013645, -6.279997043374643, -7.440923813276027 | 1.4489529220267523
-9.721781467576792, -11.695859078608862, -13.960192405452185, -8.180627031568724, -9.768331987916868, -11.167468303520456, -6.279997043374643, -7.440923813276027, -8.372596959845186 | 1.1978873865303328
-11.695859078608862, -13.960192405452185, -17.44419019324269, -9.768331987916868, -11.167468303520456, -12.7730815042054, -7.440923813276027, -8.372596959845186, -9.36934413103122 | 0.4244860040448234
-13.960192405452185, -17.44419019324269, -22.31736577590722, -11.167468303520456, -12.7730815042054, -15.28870521307506, -8.372596959845186, -9.36934413103122, -10.608974360640731 | -0.4271012945793329
-17.44419019324269, -22.31736577590722, -28.140922891561654, -12.7730815042054, -15.28870521307506, -18.80247046340524, -9.36934413103122, -10.608974360640731, -12.244277986248388 | -0.7175758805531175
-22.31736577590722, -28.140922891561654, -33.58005863670983, -15.28870521307506, -18.80247046340524, -22.91499790011525, -10.608974360640731, -12.244277986248388, -14.338375595131849 | -0.4776435830068513
-28.140922891561654, -33.58005863670983, -37.772021913536776, -18.80247046340524, -22.91499790011525, -26.963641284603423, -12.244277986248388, -14.338375595131849, -16.78687714767442 | -0.0682377183288119
-33.58005863670983, -37.772021913536776, -40.72825381126872, -22.91499790011525, -26.963641284603423, -29.943549618713448, -14.338375595131849, -16.78687714767442, -19.216679393892537 | 0.316448242607587
-37.772021913536776, -40.72825381126872, -42.483195210906175, -26.963641284603423, -29.943549618713448, -31.78869435740072, -16.78687714767442, -19.216679393892537, -21.204645128174125 | 0.4411208665005147
-40.72825381126872, -42.483195210906175, -43.31445412747075, -29.943549618713448, -31.78869435740072, -32.5899319889208, -19.216679393892537, -21.204645128174125, -22.2690578256 | 0.5969752856976351
-42.483195210906175, -43.31445412747075, -43.76551751583531, -31.78869435740072, -32.5899319889208, -33.060624814632135, -21.204645128174125, -22.2690578256, -22.55931066057333 | 0.8317820041478211
-43.31445412747075, -43.76551751583531, -43.08804610211268, -32.5899319889208, -33.060624814632135, -33.26532803166332, -22.2690578256, -22.55931066057333, -22.644531872427983 | 1.1687391758485348
-43.76551751583531, -43.08804610211268, -40.93311069385246, -33.060624814632135, -33.26532803166332, -32.5796237902015, -22.55931066057333, -22.644531872427983, -22.798097141716568 | 1.133309924985023
-43.08804610211268, -40.93311069385246, -37.54525638406709, -33.26532803166332, -32.5796237902015, -30.41899510625256, -22.644531872427983, -22.798097141716568, -22.08661088619476 | 0.6580963561445257
-40.93311069385246, -37.54525638406709, -33.05094650322027, -32.5796237902015, -30.41899510625256, -27.02736427276578, -22.798097141716568, -22.08661088619476, -19.935129518012424 | -0.1171135476920813
-37.54525638406709, -33.05094650322027, -27.60802291584793, -30.41899510625256, -27.02736427276578, -22.59295536794872, -22.08661088619476, -19.935129518012424, -16.50590278397955 | -0.7586273634089427
-33.05094650322027, -27.60802291584793, -21.221948424979043, -27.02736427276578, -22.59295536794872, -17.153761124573375, -19.935129518012424, -16.50590278397955, -12.082859770673489 | -0.9906989296125066
-27.60802291584793, -21.221948424979043, -13.815190800813008, -22.59295536794872, -17.153761124573375, -10.77973576470588, -16.50590278397955, -12.082859770673489, -6.657549573640168 | -0.5935239634173074
-21.221948424979043, -13.815190800813008, -4.937208182874855, -17.153761124573375, -10.77973576470588, -3.69181878762244, -12.082859770673489, -6.657549573640168, -1.950598251340996 | -0.1258136443678338
-3.765616448699764, -6.238285077697842, -8.180627031568724, -2.780579158168083, -4.738097711013645, -6.279997043374643, -1.3287203881546743, -2.793231092724679, -3.8357772404115993 | -0.4504344460579731
-6.238285077697842, -8.180627031568724, -9.768331987916868, -4.738097711013645, -6.279997043374643, -7.440923813276027, -2.793231092724679, -3.8357772404115993, -4.41994294676806 | 0.906739033650292
-8.180627031568724, -9.768331987916868, -11.167468303520456, -6.279997043374643, -7.440923813276027, -8.372596959845186, -3.8357772404115993, -4.41994294676806, -4.922336002844951 | 1.368745496424222
-9.768331987916868, -11.167468303520456, -12.7730815042054, -7.440923813276027, -8.372596959845186, -9.36934413103122, -4.41994294676806, -4.922336002844951, -5.515882108665105 | 1.139486508249452
-11.167468303520456, -12.7730815042054, -15.28870521307506, -8.372596959845186, -9.36934413103122, -10.608974360640731, -4.922336002844951, -5.515882108665105, -6.225042442607897 | 0.6871338433612081
-12.7730815042054, -15.28870521307506, -18.80247046340524, -9.36934413103122, -10.608974360640731, -12.244277986248388, -5.515882108665105, -6.225042442607897, -7.006504999102736 | 0.2065045915901497
-15.28870521307506, -18.80247046340524, -22.91499790011525, -10.608974360640731, -12.244277986248388, -14.338375595131849, -6.225042442607897, -7.006504999102736, -7.8914718981850385 | -0.0488431679790585
-18.80247046340524, -22.91499790011525, -26.963641284603423, -12.244277986248388, -14.338375595131849, -16.78687714767442, -7.006504999102736, -7.8914718981850385, -8.948780252794498 | 0.022747089600732
-22.91499790011525, -26.963641284603423, -29.943549618713448, -14.338375595131849, -16.78687714767442, -19.216679393892537, -7.8914718981850385, -8.948780252794498, -10.10351810360547 | 0.3510112612946194
-26.963641284603423, -29.943549618713448, -31.78869435740072, -16.78687714767442, -19.216679393892537, -21.204645128174125, -8.948780252794498, -10.10351810360547, -11.137985096774193 | 0.7279378685422325
-29.943549618713448, -31.78869435740072, -32.5899319889208, -19.216679393892537, -21.204645128174125, -22.2690578256, -10.10351810360547, -11.137985096774193, -11.9340168602282 | 1.1418188787632302
-31.78869435740072, -32.5899319889208, -33.060624814632135, -21.204645128174125, -22.2690578256, -22.55931066057333, -11.137985096774193, -11.9340168602282, -12.261816654626625 | 1.492948729039311
-32.5899319889208, -33.060624814632135, -33.26532803166332, -22.2690578256, -22.55931066057333, -22.644531872427983, -11.9340168602282, -12.261816654626625, -12.227181835820897 | 1.6721705839389975
-33.060624814632135, -33.26532803166332, -32.5796237902015, -22.55931066057333, -22.644531872427983, -22.798097141716568, -12.261816654626625, -12.227181835820897, -12.28011426146789 | 1.601722937139685
-33.26532803166332, -32.5796237902015, -30.41899510625256, -22.644531872427983, -22.798097141716568, -22.08661088619476, -12.227181835820897, -12.28011426146789, -12.29060242411979 | 1.4028449226242858
-32.5796237902015, -30.41899510625256, -27.02736427276578, -22.798097141716568, -22.08661088619476, -19.935129518012424, -12.28011426146789, -12.29060242411979, -11.602333427849086 | 0.9065737344430186
-30.41899510625256, -27.02736427276578, -22.59295536794872, -22.08661088619476, -19.935129518012424, -16.50590278397955, -12.29060242411979, -11.602333427849086, -9.443366959837729 | 0.2105347596604208
-27.02736427276578, -22.59295536794872, -17.153761124573375, -19.935129518012424, -16.50590278397955, -12.082859770673489, -11.602333427849086, -9.443366959837729, -6.027590811755035 | -0.1917061418632132
-22.59295536794872, -17.153761124573375, -10.77973576470588, -16.50590278397955, -12.082859770673489, -6.657549573640168, -9.443366959837729, -6.027590811755035, -2.414190091825308 | 0.0066878742049879
-17.153761124573375, -10.77973576470588, -3.69181878762244, -12.082859770673489, -6.657549573640168, -1.950598251340996, -6.027590811755035, -2.414190091825308, -0.4608725 | -0.6773642689070316
