center_x,center_y,center_z,error
-165.002459,-165.003274,nan,nan
-155.002459,-165.003274,nan,nan
-145.002459,-165.003274,nan,nan
-135.002459,-165.003274,nan,nan
-125.00245899999999,-165.003274,-0.6530074154589373,-4.560359215369512
-115.00245899999999,-165.003274,-1.55720344224924,-4.068052309494231
-105.00245899999999,-165.003274,-2.421781856837607,-3.735572914195687
-95.00245899999999,-165.003274,-3.051642441839495,-3.5716382089724252
-85.00245899999999,-165.003274,-3.4589145247524753,-3.404424811441858
-75.00245899999999,-165.003274,-3.444027598173516,-3.4439304739908643
-65.00245899999999,-165.003274,-3.4581774539711194,-3.376288257652979
-55.00245899999999,-165.003274,-3.435647543095459,-3.3176516209451115
-45.00245899999999,-165.003274,-3.4586335452847807,-3.22261867111625
-35.00245899999999,-165.003274,-3.4299730623853213,-3.179382021590306
-25.002458999999988,-165.003274,-3.399998642791552,-3.144827175071451
-15.002458999999988,-165.003274,-3.4392538843283584,-3.0449024090399006
-5.0024589999999876,-165.003274,-3.462341935694315,-2.954364365919377
4.9975410000000124,-165.003274,-3.4674967778801844,-2.8838555613291375
14.997541000000012,-165.003274,-3.4463303627272723,-2.837410251800078
24.997541000000012,-165.003274,-3.4611484219330855,-2.755752286398984
34.99754100000001,-165.003274,-3.423643297247706,-2.7152944173042366
44.99754100000001,-165.003274,-3.457377629090909,-2.627215966540637
54.99754100000001,-165.003274,-3.418551503636363,-2.616320752762491
64.99754100000001,-165.003274,-3.488485806603774,-2.526185762409807
74.99754100000001,-165.003274,-3.414280807447775,-2.5874665171322024
84.99754100000001,-165.003274,-3.465176413983441,-2.5320870417631913
94.99754100000001,-165.003274,-3.391620843137255,-2.5985414484595646
104.99754100000001,-165.003274,-3.4831774302925993,-2.3611012693966944
114.99754100000001,-165.003274,-2.948455224689165,-2.5343590927519615
124.99754100000001,-165.003274,-2.139628552542373,-2.7313420822280383
134.997541,-165.003274,-1.116091166998012,-3.1879181450885556
144.997541,-165.003274,-0.23444120512820524,-3.704041298361471
154.997541,-165.003274,nan,nan
164.997541,-165.003274,nan,nan
-165.002459,-155.003274,nan,nan
-155.002459,-155.003274,nan,nan
-145.002459,-155.003274,-0.28001187179487175,-4.9425096364704
-135.002459,-155.003274,-1.377740668292683,-4.392627209338153
-125.00245899999999,-155.003274,-3.1669642538910505,-3.6283079751460687
-115.00245899999999,-155.003274,-5.50901389707271,-2.453629709936601
-105.00245899999999,-155.003274,-7.466730813559322,-1.8184645209245995
-95.00245899999999,-155.003274,-8.99576977305606,-1.4719322345778099
-85.00245899999999,-155.003274,-10.047373188798554,-1.1886833329819524
-75.00245899999999,-155.003274,-10.497366327044025,-1.0084446539348335
-65.00245899999999,-155.003274,-10.516890511090573,-0.9253528173947161
-55.00245899999999,-155.003274,-10.539114878116342,-0.750794561388331
-45.00245899999999,-155.003274,-10.490326631132076,-0.6549246072677698
-35.00245899999999,-155.003274,-10.47267162197393,-0.5428145537698771
-25.002458999999988,-155.003274,-10.504954780602636,-0.39208055130957764
-15.002458999999988,-155.003274,-10.499389694775436,-0.27841280665723334
-5.0024589999999876,-155.003274,-10.48084011111111,-0.18958093979817106
4.9975410000000124,-155.003274,-10.493387364990689,-0.07057143163904141
14.997541000000012,-155.003274,-10.496401556179775,0.02551366153087807
24.997541000000012,-155.003274,-10.487115172701948,0.09478620647905658
34.99754100000001,-155.003274,-10.512608990485251,0.18971526307382633
44.99754100000001,-155.003274,-10.454024532015067,0.1987528458865062
54.99754100000001,-155.003274,-10.52518154442344,0.3177792413918957
64.99754100000001,-155.003274,-10.517158648523987,0.3261458672847653
74.99754100000001,-155.003274,-10.509322484674328,0.29149570373256145
84.99754100000001,-155.003274,-10.50961955965909,0.18913798127187822
94.99754100000001,-155.003274,-10.518243127012523,0.15716181164181328
104.99754100000001,-155.003274,-9.898780359318996,-0.08204840728233294
114.99754100000001,-155.003274,-8.632966486806188,-0.32724494522693726
124.99754100000001,-155.003274,-6.752510204139228,-0.7186661082720038
134.997541,-155.003274,-4.35878295210728,-1.633888946935341
144.997541,-155.003274,-1.8621418932261768,-2.945681848695611
154.997541,-155.003274,-0.5131638142857143,-3.522828965213913
164.997541,-155.003274,nan,nan
-165.002459,-145.003274,nan,nan
-155.002459,-145.003274,-0.2788070681818182,-4.96628179799934
-145.002459,-145.003274,-1.6633534228855722,-4.351079902445935
-135.002459,-145.003274,-4.420195306949807,-2.904394537148177
-125.00245899999999,-145.003274,-7.4536091057226,-1.6651671945625441
-115.00245899999999,-145.003274,-10.13412112264151,-1.28762701642787
-105.00245899999999,-145.003274,-12.479092849809886,-1.207130957280072
-95.00245899999999,-145.003274,-14.507245299614643,-1.0046209563034074
-85.00245899999999,-145.003274,-16.020055039325843,-0.7178394067739919
-75.00245899999999,-145.003274,-16.989457644736845,-0.35889949328228266
-65.00245899999999,-145.003274,-17.486445474208146,0.01153670813855354
-55.00245899999999,-145.003274,-17.502116960966543,0.23086630927302537
-45.00245899999999,-145.003274,-17.51592268173258,0.5103004909306432
-35.00245899999999,-145.003274,-17.47637642724745,0.7184965334097851
-25.002458999999988,-145.003274,-17.521643164804466,0.9860479972396564
-15.002458999999988,-145.003274,-17.518219843632956,1.2065551482542005
-5.0024589999999876,-145.003274,-17.48026591081594,1.3714486634491903
4.9975410000000124,-145.003274,-17.51799810521327,1.5643891373577654
14.997541000000012,-145.003274,-17.51353700744186,1.695521420706202
24.997541000000012,-145.003274,-17.49620658248848,1.7493816995430835
34.99754100000001,-145.003274,-17.51976016889313,1.7939540890454149
44.99754100000001,-145.003274,-17.52178208457249,1.7878422941949077
54.99754100000001,-145.003274,-17.456077780442804,1.6793952399460792
64.99754100000001,-145.003274,-17.492546268089054,1.5931784941953175
74.99754100000001,-145.003274,-17.502339378429518,1.4132878064153334
84.99754100000001,-145.003274,-17.518678653465347,1.2338225708373305
94.99754100000001,-145.003274,-16.91429970623917,0.7956123709362188
104.99754100000001,-145.003274,-15.629392863883847,0.2946900526468576
114.99754100000001,-145.003274,-13.719390007561437,-0.019317856104401537
124.99754100000001,-145.003274,-11.338178356111644,-0.032061732940460184
134.997541,-145.003274,-8.458454969668246,-0.1480964166764484
144.997541,-145.003274,-5.1930963301707775,-1.1058899516729532
154.997541,-145.003274,-1.8318130731428572,-2.8877921974608576
164.997541,-145.003274,-0.22694692500000002,-3.6151427449604574
-165.002459,-135.003274,nan,nan
-155.002459,-135.003274,-1.3672085205696203,-4.475793488297905
-145.002459,-135.003274,-4.391804532945737,-2.920955583110791
-135.002459,-135.003274,-8.04880491618497,-1.4390963451493461
-125.00245899999999,-135.003274,-11.434386452266152,-1.1787620597931858
-115.00245899999999,-135.003274,-14.449743795260664,-1.4023145936930148
-105.00245899999999,-135.003274,-17.1581112114061,-1.5101344000356687
-95.00245899999999,-135.003274,-19.481299699226305,-1.377051949029443
-85.00245899999999,-135.003274,-21.47023038697675,-0.9527269782266845
-75.00245899999999,-135.003274,-22.992207490808823,-0.43805846967694456
-65.00245899999999,-135.003274,-23.987203351520574,0.04830260383586397
-55.00245899999999,-135.003274,-24.51912084294587,0.5038579622515249
-45.00245899999999,-135.003274,-24.498085590701912,0.7755417308477295
-35.00245899999999,-135.003274,-24.49441720018622,1.1397724908972693
-25.002458999999988,-135.003274,-24.5500258397738,1.572872906683197
-15.002458999999988,-135.003274,-24.513045184672205,1.940666283183666
-5.0024589999999876,-135.003274,-24.51895894366197,2.3075834131982016
4.9975410000000124,-135.003274,-24.463490709039547,2.537941281802531
14.997541000000012,-135.003274,-24.513678031894933,2.7352781385065055
24.997541000000012,-135.003274,-24.49269164305685,2.743168306970709
34.99754100000001,-135.003274,-24.522933080555553,2.669129139789611
44.99754100000001,-135.003274,-24.49278132116105,2.46257065249406
54.99754100000001,-135.003274,-24.448709013035383,2.178038390236437
64.99754100000001,-135.003274,-24.52060803551402,1.937013139214759
74.99754100000001,-135.003274,-24.518621182300887,1.6782046685855105
84.99754100000001,-135.003274,-23.868804558464223,1.1414501806291921
94.99754100000001,-135.003274,-22.556339776556776,0.45957264295635986
104.99754100000001,-135.003274,-20.674530052830185,-0.16674256600602982
114.99754100000001,-135.003274,-18.30363979316888,-0.512813001358837
124.99754100000001,-135.003274,-15.44514478770413,-0.42841417727154524
134.997541,-135.003274,-12.169561019455253,-0.009307189258507436
144.997541,-135.003274,-8.450642884250474,0.008481601625886633
154.997541,-135.003274,-4.318352203531599,-1.459891900627769
164.997541,-135.003274,-1.119279231884058,-3.0778596626352885
-165.002459,-125.003274,-0.6514004711538461,-4.776862288226139
-155.002459,-125.003274,-3.1484274882583163,-3.6344312454656373
-145.002459,-125.003274,-7.465576539370079,-1.5288718047874157
-135.002459,-125.003274,-11.423328717497556,-1.119089048826832
-125.00245899999999,-125.003274,-15.07735192673644,-1.4759356710383986
-115.00245899999999,-125.003274,-18.418568032723773,-1.8409528914220306
-105.00245899999999,-125.003274,-21.46409467748092,-1.9173787262601336
-95.00245899999999,-125.003274,-24.122990244976076,-1.7507964334371429
-85.00245899999999,-125.003274,-26.443627367385194,-1.3709771538796882
-75.00245899999999,-125.003274,-28.441483834449762,-0.8119873711762591
-65.00245899999999,-125.003274,-29.964928391713748,-0.25387825261554064
-55.00245899999999,-125.003274,-30.997584626905834,0.28166704891409833
-45.00245899999999,-125.003274,-31.543170063392854,0.7875213918789503
-35.00245899999999,-125.003274,-31.501311839181287,1.1342241140211464
-25.002458999999988,-125.003274,-31.515924612167304,1.7080744087385547
-15.002458999999988,-125.003274,-31.506554584817245,2.3012505036124478
-5.0024589999999876,-125.003274,-31.50816240655106,2.8715031010045116
4.9975410000000124,-125.003274,-31.496663390130355,3.2616693212264445
14.997541000000012,-125.003274,-31.51623686908078,3.4631610070123022
24.997541000000012,-125.003274,-31.514404923791822,3.3988401472710135
34.99754100000001,-125.003274,-31.49762607149577,3.115446662404749
44.99754100000001,-125.003274,-31.517869703225806,2.7101317616769487
54.99754100000001,-125.003274,-31.545541671846436,2.2608591726091407
64.99754100000001,-125.003274,-31.49090929937998,1.8490552961754925
74.99754100000001,-125.003274,-30.889097313499118,1.3365813268865574
84.99754100000001,-125.003274,-29.53530413888889,0.6451272513711429
94.99754100000001,-125.003274,-27.61644587274454,-0.05817739278187285
104.99754100000001,-125.003274,-25.238363170684668,-0.6467583932550222
114.99754100000001,-125.003274,-22.413273927619045,-0.9695593308446402
124.99754100000001,-125.003274,-19.154663594936707,-0.8764018502293763
134.997541,-125.003274,-15.440923875119159,-0.32045404334953004
144.997541,-125.003274,-11.291667050094519,0.25253494638640495
154.997541,-125.003274,-6.714686497733454,-0.306295910320788
164.997541,-125.003274,-2.1243933042998897,-2.5630774876539397
-165.002459,-115.003274,-1.5560087083993661,-4.254458599463879
-155.002459,-115.003274,-5.521651678811121,-2.313803993316627
-145.002459,-115.003274,-10.137455359773371,-1.0714744094023712
-135.002459,-115.003274,-14.417070353506245,-1.2744402452220194
-125.00245899999999,-115.003274,-18.425042493779905,-1.758803760874713
-115.00245899999999,-115.003274,-22.07979805078125,-2.085960295921074
-105.00245899999999,-115.003274,-25.411072536679534,-2.1857843190149597
-95.00245899999999,-115.003274,-28.429182067763794,-2.0396157193425077
-85.00245899999999,-115.003274,-31.100669826086953,-1.7341741156291397
-75.00245899999999,-115.003274,-33.4507011551561,-1.251392640637684
-65.00245899999999,-115.003274,-35.39769392999054,-0.7071660114739824
-55.00245899999999,-115.003274,-36.966683405253285,-0.09618176201046875
-45.00245899999999,-115.003274,-37.987885484182776,0.4621798432481865
-35.00245899999999,-115.003274,-38.534029078014186,1.0627955156668067
-25.002458999999988,-115.003274,-38.502225375,1.634361754561919
-15.002458999999988,-115.003274,-38.5023998235849,2.4239682054910285
-5.0024589999999876,-115.003274,-38.48124796268657,3.1796875687843316
4.9975410000000124,-115.003274,-38.47878019273743,3.716682694900823
14.997541000000012,-115.003274,-38.47177977053825,3.909960410582716
24.997541000000012,-115.003274,-38.46167307784986,3.7312307305815793
34.99754100000001,-115.003274,-38.51937924186046,3.299874446818567
44.99754100000001,-115.003274,-38.508951906279286,2.6467792367732943
54.99754100000001,-115.003274,-38.53059515600351,2.1069866360572154
64.99754100000001,-115.003274,-37.8476436005291,1.4132997735923607
74.99754100000001,-115.003274,-36.53207615906977,0.7244115745435786
84.99754100000001,-115.003274,-34.60496677967711,0.024136150562787975
94.99754100000001,-115.003274,-32.210443679425836,-0.5681831582453329
104.99754100000001,-115.003274,-29.377901795215312,-0.9959617384251128
114.99754100000001,-115.003274,-26.123769536723163,-1.157450339230718
124.99754100000001,-115.003274,-22.449408632850243,-0.9691436868563447
134.997541,-115.003274,-18.31770185091965,-0.38130746199106663
144.997541,-115.003274,-13.732268062500001,0.3841893340766869
154.997541,-115.003274,-8.667542470961887,0.3179319363117277
164.997541,-115.003274,-2.9208948178603005,-2.2448402414703006
-165.002459,-105.003274,-2.4388939051254086,-3.890263432833388
-155.002459,-105.003274,-7.4882281822474015,-1.5502221120853021
-145.002459,-105.003274,-12.500218555446516,-0.8889790475131515
-135.002459,-105.003274,-17.148381100585937,-1.2765497683128026
-125.00245899999999,-105.003274,-21.399682771878076,-1.8177703882280616
-115.00245899999999,-105.003274,-25.385960477362204,-2.124223540782715
-105.00245899999999,-105.003274,-29.055671480988593,-2.2373896831949103
-95.00245899999999,-105.003274,-32.41346442761266,-2.1895857456853087
-85.00245899999999,-105.003274,-35.46002992151163,-1.9432616472481359
-75.00245899999999,-105.003274,-38.15413524259789,-1.5661397428093358
-65.00245899999999,-105.003274,-40.45641908920187,-1.1293387440690956
-55.00245899999999,-105.003274,-42.38950548341232,-0.6057137243433243
-45.00245899999999,-105.003274,-43.92812156607311,0.0012041630498815243
-35.00245899999999,-105.003274,-44.984588467429575,0.6889441029879726
-25.002458999999988,-105.003274,-45.49738740507437,1.4738385488255605
-15.002458999999988,-105.003274,-45.5099383660797,2.3150209232049983
-5.0024589999999876,-105.003274,-45.524152286778396,3.268995985876054
4.9975410000000124,-105.003274,-45.53988402411874,3.961087981179794
14.997541000000012,-105.003274,-45.522850386129335,4.145160074296657
24.997541000000012,-105.003274,-45.516102523452155,3.8461960165720295
34.99754100000001,-105.003274,-45.50864135849057,3.154438726614566
44.99754100000001,-105.003274,-45.50082142063492,2.4012653046652486
54.99754100000001,-105.003274,-44.8598824353256,1.549996618601837
64.99754100000001,-105.003274,-43.49724403348416,0.71271109383105
74.99754100000001,-105.003274,-41.598732543314505,0.02216657247050393
84.99754100000001,-105.003274,-39.224761344729345,-0.5265512179400677
94.99754100000001,-105.003274,-36.395453161958564,-0.9307585330580583
104.99754100000001,-105.003274,-33.12003936337209,-1.1703064128492322
114.99754100000001,-105.003274,-29.41999372638754,-1.1341795950995193
124.99754100000001,-105.003274,-25.355363219604143,-0.7217771539726137
134.997541,-105.003274,-20.73574927376426,-0.09788591594358724
144.997541,-105.003274,-15.635200411978225,0.6543476813679401
154.997541,-105.003274,-9.944791004336514,0.6269378032105928
164.997541,-105.003274,-3.541578300813008,-1.9541849837689385
-165.002459,-95.003274,-3.061727952166065,-3.7116287239596706
-155.002459,-95.003274,-9.013540683440073,-1.142281394189573
-145.002459,-95.003274,-14.518665893596987,-0.6285483128035485
-135.002459,-95.003274,-19.423582987607247,-1.1090773505462292
-125.00245899999999,-95.003274,-24.074536105212356,-1.5522876167786244
-115.00245899999999,-95.003274,-28.393136131021198,-1.909304047439764
-105.00245899999999,-95.003274,-32.41150516129032,-2.0991397332896806
-95.00245899999999,-95.003274,-36.0457419271137,-2.1999203826207636
-85.00245899999999,-95.003274,-39.44646502394636,-2.056321289975295
-75.00245899999999,-95.003274,-42.43801590549663,-1.8507023358113661
-65.00245899999999,-95.003274,-45.137391908230846,-1.4820039670511773
-55.00245899999999,-95.003274,-47.420096298095245,-1.0774974662542551
-45.00245899999999,-95.003274,-49.405193555555556,-0.5120609490358727
-35.00245899999999,-95.003274,-50.94355775559701,0.15839362197123008
-25.002458999999988,-95.003274,-52.01545230749129,1.022806135024294
-15.002458999999988,-95.003274,-52.52541439614373,2.023998321588815
-5.0024589999999876,-95.003274,-52.53489659833795,2.9757809418582424
4.9975410000000124,-95.003274,-52.54697331696015,3.7463113822251475
14.997541000000012,-95.003274,-52.51558264569843,3.9235016502853037
24.997541000000012,-95.003274,-52.486532282894736,3.4802556799540127
34.99754100000001,-95.003274,-52.52274664131374,2.7320021193037562
44.99754100000001,-95.003274,-51.85727398315603,1.699394007162065
54.99754100000001,-95.003274,-50.52740838617512,0.7365787495895774
64.99754100000001,-95.003274,-48.61338551022305,-0.04072964302452426
74.99754100000001,-95.003274,-46.232932873429945,-0.611520330850545
84.99754100000001,-95.003274,-43.374112140977445,-1.0057218340460643
94.99754100000001,-95.003274,-40.08867876119403,-1.198649678080608
104.99754100000001,-95.003274,-36.453441729007636,-1.1341837524141376
114.99754100000001,-95.003274,-32.32153182612872,-0.8680746064891451
124.99754100000001,-95.003274,-27.757453954333645,-0.3063466093362845
134.997541,-95.003274,-22.64967402559415,0.4094786501785423
144.997541,-95.003274,-16.90158823130435,1.0105190565463944
154.997541,-95.003274,-10.531243597345131,0.7329846371311682
164.997541,-95.003274,-3.5038237384044524,-2.1487607456251427
-165.002459,-85.003274,-3.4773091584158413,-3.604714192574026
-155.002459,-85.003274,-10.015452885361553,-0.9047968840527146
-145.002459,-85.003274,-16.000122315837938,-0.32111876957029506
-135.002459,-85.003274,-21.40132920413923,-0.6323701248512642
-125.00245899999999,-85.003274,-26.397013449427483,-1.0971255746586375
-115.00245899999999,-85.003274,-31.053488545808964,-1.5123282313166606
-105.00245899999999,-85.003274,-35.37564146808511,-1.8343507571178779
-95.00245899999999,-85.003274,-39.38508130400781,-2.0017147812116582
-85.00245899999999,-85.003274,-43.0807574407767,-2.040205827596505
-75.00245899999999,-85.003274,-46.40134314300202,-1.9719757667185034
-65.00245899999999,-85.003274,-49.4524882177264,-1.69718607643763
-55.00245899999999,-85.003274,-52.14620426532567,-1.3197145785725157
-45.00245899999999,-85.003274,-54.45273914962121,-0.8914004188767932
-35.00245899999999,-85.003274,-56.42261076716141,-0.34666355374673985
-25.002458999999988,-85.003274,-57.98341926262627,0.3580892556166454
-15.002458999999988,-85.003274,-59.041145349387044,1.2629892949663397
-5.0024589999999876,-85.003274,-59.598472820534944,2.215391969240312
4.9975410000000124,-85.003274,-59.63778310382979,2.8530429730341695
14.997541000000012,-85.003274,-59.63878688917749,3.027881413796724
24.997541000000012,-85.003274,-59.57072249786507,2.602802114734585
34.99754100000001,-85.003274,-58.883806402070746,1.7188416272344702
44.99754100000001,-85.003274,-57.54297269316082,0.7479106045493605
54.99754100000001,-85.003274,-55.67203697846442,-0.03682452166890148
64.99754100000001,-85.003274,-53.2617094573055,-0.6587236133988714
74.99754100000001,-85.003274,-50.43102451809524,-1.0324615493770581
84.99754100000001,-85.003274,-47.16039181913876,-1.2120315315659647
94.99754100000001,-85.003274,-43.473405250240624,-1.1589720033192004
104.99754100000001,-85.003274,-39.3259320018797,-0.9178849627064166
114.99754100000001,-85.003274,-34.78252913140727,-0.4125616872239515
124.99754100000001,-85.003274,-29.62249259746147,0.193867114833957
134.997541,-85.003274,-23.912075168411867,0.8910547087705788
144.997541,-85.003274,-17.51769893357271,1.3089700486129192
154.997541,-85.003274,-10.507275551724138,0.612225118602965
164.997541,-85.003274,-3.513001339676499,-2.225325020409035
-165.002459,-75.003274,-3.4322246560509555,-3.7895098627767996
-155.002459,-75.003274,-10.504838424486149,-0.7590522203610897
-145.002459,-75.003274,-17.013023044144145,0.07150747499143277
-135.002459,-75.003274,-22.94508324726277,-0.06300282556836423
-125.00245899999999,-75.003274,-28.36838987030075,-0.5015277701115464
-115.00245899999999,-75.003274,-33.34316413467049,-1.0229405914375052
-105.00245899999999,-75.003274,-38.04858731537708,-1.384974079811742
-95.00245899999999,-75.003274,-42.418485150193796,-1.6567575167573285
-85.00245899999999,-75.003274,-46.40659597607655,-1.8460634748334583
-75.00245899999999,-75.003274,-50.09330427603143,-1.8362612309804702
-65.00245899999999,-75.003274,-53.41565287811901,-1.6744370647572495
-55.00245899999999,-75.003274,-56.44554710865384,-1.3211455565020704
-45.00245899999999,-75.003274,-59.14770908733205,-0.9457447929539802
-35.00245899999999,-75.003274,-61.54414461449016,-0.529181057322032
-25.002458999999988,-75.003274,-63.216853337127844,-0.28784775909953825
-15.002458999999988,-75.003274,-64.14310878264605,-0.1022088850019705
-5.0024589999999876,-75.003274,-64.52966383290489,0.16617859608694746
4.9975410000000124,-75.003274,-64.60790232667246,0.44118016091836637
14.997541000000012,-75.003274,-64.58962005212858,0.5086211467078444
24.997541000000012,-75.003274,-64.51301228658538,0.42382497999057567
34.99754100000001,-75.003274,-63.9474739923339,0.20504771917839043
44.99754100000001,-75.003274,-62.656703510711225,-0.003289542176521692
54.99754100000001,-75.003274,-60.3512462805219,-0.47094370517390466
64.99754100000001,-75.003274,-57.43317007061069,-0.9357486981221625
74.99754100000001,-75.003274,-54.159782998067634,-1.1731320003344832
84.99754100000001,-75.003274,-50.433987427889214,-1.2085715021753443
94.99754100000001,-75.003274,-46.33390818773585,-0.9546012771231872
104.99754100000001,-75.003274,-41.731952731524785,-0.535611726020833
114.99754100000001,-75.003274,-36.66354042974453,0.09761657080414192
124.99754100000001,-75.003274,-30.941833632224164,0.738296592385584
134.997541,-75.003274,-24.503791014886165,1.268001596409522
144.997541,-75.003274,-17.538019559259258,1.4224272597643899
154.997541,-75.003274,-10.516766185958254,0.6363484686031664
164.997541,-75.003274,-3.517034678236398,-2.2382017592110612
-165.002459,-65.003274,-3.4400211913123844,-3.823422386925864
-155.002459,-65.003274,-10.498965683823528,-0.8213423881335448
-145.002459,-65.003274,-17.539478805429866,0.4137882867425225
-135.002459,-65.003274,-24.00276185368043,0.48708030940865316
-125.00245899999999,-65.003274,-29.84589558203483,0.052707415848127236
-115.00245899999999,-65.003274,-35.333541635514024,-0.3874931134249869
-105.00245899999999,-65.003274,-40.335127731589154,-0.8835139058881768
-95.00245899999999,-65.003274,-45.06044185203095,-1.252120537426952
-85.00245899999999,-65.003274,-49.38736751184834,-1.5153458400793913
-75.00245899999999,-65.003274,-53.40288940019102,-1.5570575628591692
-65.00245899999999,-65.003274,-57.09375047178988,-1.3550946184639945
-55.00245899999999,-65.003274,-60.48151398166023,-0.9946687301923732
-45.00245899999999,-65.003274,-63.30218361823105,-0.7889315460656482
-35.00245899999999,-65.003274,-64.96377146624663,-1.1239161442526422
-25.002458999999988,-65.003274,-65.78003434349593,-1.5104363434982815
-15.002458999999988,-65.003274,-66.21332621775899,-1.6475619573332907
-5.0024589999999876,-65.003274,-66.43221532745314,-1.621326362196486
4.9975410000000124,-65.003274,-66.48300641501103,-1.588438580753229
14.997541000000012,-65.003274,-66.4778308373102,-1.5229097585597011
24.997541000000012,-65.003274,-66.35469249124726,-1.4612966737309367
34.99754100000001,-65.003274,-66.01634659384942,-1.413482005095861
44.99754100000001,-65.003274,-65.39343388867562,-1.1494520687934153
54.99754100000001,-65.003274,-64.03284342608696,-0.7205972703198198
64.99754100000001,-65.003274,-61.223763466172386,-0.7530828613663305
74.99754100000001,-65.003274,-57.49474174346564,-0.9306420242868488
84.99754100000001,-65.003274,-53.324338614271944,-0.8810145916236
94.99754100000001,-65.003274,-48.746496616822434,-0.5422870610741642
104.99754100000001,-65.003274,-43.63941673448905,-0.03155110952100766
114.99754100000001,-65.003274,-37.93467875840708,0.5751920145213703
124.99754100000001,-65.003274,-31.514622768356645,1.1054081722306799
134.997541,-65.003274,-24.46913183933518,1.4444529850736028
144.997541,-65.003274,-17.525660096065874,1.5929737040101266
154.997541,-65.003274,-10.512314976591762,0.6505878317916992
164.997541,-65.003274,-3.524749563207547,-2.2119779588884207
-165.002459,-55.003274000000005,-3.412965245762712,-3.8310470996563795
-155.002459,-55.003274000000005,-10.485763384542885,-0.807667340564329
-145.002459,-55.003274000000005,-17.52489224118738,0.5062827575934918
-135.002459,-55.003274000000005,-24.493110396428573,0.8700019080985971
-125.00245899999999,-55.003274000000005,-30.97988059982487,0.6798380335334872
-115.00245899999999,-55.003274000000005,-36.84972600641613,0.20878914772469462
-105.00245899999999,-55.003274000000005,-42.30936633238637,-0.2874626021251573
-95.00245899999999,-55.003274000000005,-47.36107799906455,-0.7623771242031996
-85.00245899999999,-55.003274000000005,-52.068610424926405,-1.0760147776617648
-75.00245899999999,-55.003274000000005,-56.431509350775194,-1.1107938812644351
-65.00245899999999,-55.003274000000005,-60.48806502111324,-0.8757466216174626
-55.00245899999999,-55.003274000000005,-63.79136346453287,-0.8155406101368626
-45.00245899999999,-55.003274000000005,-65.51569711730205,-1.44098431648001
-35.00245899999999,-55.003274000000005,-66.3601021772429,-1.78977282524478
-25.002458999999988,-55.003274000000005,-66.90644177287761,-1.6987305665690289
-15.002458999999988,-55.003274000000005,-67.27998261080485,-1.4688369491191593
-5.0024589999999876,-55.003274000000005,-67.4834822505618,-1.2684712553923412
4.9975410000000124,-55.003274000000005,-67.52076136210762,-1.2176499907939207
14.997541000000012,-55.003274000000005,-67.49926840879121,-1.1607825672828467
24.997541000000012,-55.003274000000005,-67.33527480915178,-1.1861140954685963
34.99754100000001,-55.003274000000005,-66.98488961979751,-1.352632086758703
44.99754100000001,-55.003274000000005,-66.45018040954496,-1.4992911464902217
54.99754100000001,-55.003274000000005,-65.68149796704428,-1.3164878935189932
64.99754100000001,-55.003274000000005,-64.0240425738137,-0.6724765596001144
74.99754100000001,-55.003274000000005,-60.34259762065728,-0.5723014717830289
84.99754100000001,-55.003274000000005,-55.75465772889306,-0.4205734798778404
94.99754100000001,-55.003274000000005,-50.652964475930965,-0.06110194082635153
104.99754100000001,-55.003274000000005,-44.93096713309983,0.4094805122431618
114.99754100000001,-55.003274000000005,-38.47728166431096,0.8563536940062418
124.99754100000001,-55.003274000000005,-31.48498776657329,1.2521902568401113
134.997541,-55.003274000000005,-24.386528986952474,1.6190249740475429
144.997541,-55.003274000000005,-17.45727614218896,1.666932799942253
154.997541,-55.003274000000005,-10.484504056325024,0.6441267378668604
164.997541,-55.003274000000005,-3.4769822207547167,-2.2340290640333027
-165.002459,-45.003274000000005,-3.4561056296641794,-3.7290802200747626
-155.002459,-45.003274000000005,-10.490979173148148,-0.7499776363417024
-145.002459,-45.003274000000005,-17.48736934141791,0.6407381280544336
-135.002459,-45.003274000000005,-24.455441443085608,1.0529415457955589
-125.00245899999999,-45.003274000000005,-31.510840481970096,1.150069527587314
-115.00245899999999,-45.003274000000005,-37.95419554804271,0.8426879275788601
-105.00245899999999,-45.003274000000005,-43.82374846468401,0.3110502446820215
-95.00245899999999,-45.003274000000005,-49.315372028382214,-0.2004868342978738
-85.00245899999999,-45.003274000000005,-54.404267961795604,-0.5663835892021502
-75.00245899999999,-45.003274000000005,-59.14239669656488,-0.6415480705317079
-65.00245899999999,-45.003274000000005,-63.34201522473868,-0.5659737704287434
-55.00245899999999,-45.003274000000005,-65.51976195570867,-1.3625874199316141
-45.00245899999999,-45.003274000000005,-66.53706030391061,-1.7750497972133177
-35.00245899999999,-45.003274000000005,-67.2479067003367,-1.4936379104258992
-25.002458999999988,-45.003274000000005,-67.78403345973155,-0.9902237595083732
-15.002458999999988,-45.003274000000005,-68.13948429945356,-0.5887807125631755
-5.0024589999999876,-45.003274000000005,-68.32954926500565,-0.3558365975297875
4.9975410000000124,-45.003274000000005,-68.36919070391062,-0.27892170848687514
14.997541000000012,-45.003274000000005,-68.33339380973452,-0.2516784273243591
24.997541000000012,-45.003274000000005,-68.1340167118451,-0.32475536230230245
34.99754100000001,-45.003274000000005,-67.74358329310346,-0.5788099037151722
44.99754100000001,-45.003274000000005,-67.18196726130098,-1.0202674768077327
54.99754100000001,-45.003274000000005,-66.45001836026935,-1.3509919262896013
64.99754100000001,-45.003274000000005,-65.38813121203438,-0.9682777582589235
74.99754100000001,-45.003274000000005,-62.66260640557006,-0.2087527860074499
84.99754100000001,-45.003274000000005,-57.62266179067642,-0.031206697022878028
94.99754100000001,-45.003274000000005,-51.92897881578947,0.32832853627254827
104.99754100000001,-45.003274000000005,-45.52426594965277,0.6499986295216851
114.99754100000001,-45.003274000000005,-38.418761179487184,0.8821929303353607
124.99754100000001,-45.003274000000005,-31.327411179702047,1.291537212974801
134.997541,-45.003274000000005,-24.317629366482503,1.6675734185685973
144.997541,-45.003274000000005,-17.389468266294227,1.661423725336531
154.997541,-45.003274000000005,-10.496483527153558,0.6911667016732604
164.997541,-45.003274000000005,-3.4882578890977443,-2.1604322811669867
-165.002459,-35.003274000000005,-3.453027852125693,-3.664787511803261
-155.002459,-35.003274000000005,-10.517938514445481,-0.6505639726625669
-145.002459,-35.003274000000005,-17.497296635944704,0.8274210307817396
-135.002459,-35.003274000000005,-24.523025091497228,1.405567558868268
-125.00245899999999,-35.003274000000005,-31.502009037348273,1.4709341922690633
-115.00245899999999,-35.003274000000005,-38.5047003028169,1.431225816206517
-105.00245899999999,-35.003274000000005,-44.88235392287233,0.99694206963726
-95.00245899999999,-35.003274000000005,-50.893592226804124,0.5050360396522031
-85.00245899999999,-35.003274000000005,-56.38605423330198,0.022188366782636772
-75.00245899999999,-35.003274000000005,-61.535878107468136,-0.1689906841431275
-65.00245899999999,-35.003274000000005,-64.95050081514879,-0.9126591944795034
-55.00245899999999,-35.003274000000005,-66.350081518847,-1.6903154853114992
-45.00245899999999,-35.003274000000005,-67.24331747714604,-1.4336623354044968
-35.00245899999999,-35.003274000000005,-67.95895026779661,-0.7670266919885431
-25.002458999999988,-35.003274000000005,-68.48428149550563,-0.20643583812189745
-15.002458999999988,-35.003274000000005,-68.82887631348315,0.1399297364856372
-5.0024589999999876,-35.003274000000005,-69.01061653984289,0.3267015665576924
4.9975410000000124,-35.003274000000005,-69.04447023085585,0.4010708582888684
14.997541000000012,-35.003274000000005,-68.97640094730941,0.43045925676616614
24.997541000000012,-35.003274000000005,-68.73401498557159,0.35517895376123637
34.99754100000001,-35.003274000000005,-68.32109795690609,0.125314722709147
44.99754100000001,-35.003274000000005,-67.72565558287596,-0.3569963768443087
54.99754100000001,-35.003274000000005,-66.9712532374582,-0.9753538807164606
64.99754100000001,-35.003274000000005,-66.00011208071278,-1.085712444169205
74.99754100000001,-35.003274000000005,-63.956593853801174,-0.1477793475052352
84.99754100000001,-35.003274000000005,-58.92697532778265,0.3277868069116083
94.99754100000001,-35.003274000000005,-52.4355062744925,0.47391518221251205
104.99754100000001,-35.003274000000005,-45.37848769161407,0.5737588641539733
114.99754100000001,-35.003274000000005,-38.18697787740165,0.7740920329754922
124.99754100000001,-35.003274000000005,-31.06434679664179,1.1057542359439734
134.997541,-35.003274000000005,-24.171951715877437,1.5364621645009071
144.997541,-35.003274000000005,-17.303860125335724,1.6274844776470396
154.997541,-35.003274000000005,-10.416439412408758,0.6974983085325399
164.997541,-35.003274000000005,-3.4767951446009393,-2.0855059305734165
-165.002459,-25.003274000000005,-3.4386253308550185,-3.6070604545526246
-155.002459,-25.003274000000005,-10.483997716117218,-0.601520240944317
-145.002459,-25.003274000000005,-17.507556212093025,1.0184506142102712
-135.002459,-25.003274000000005,-24.52342350744879,1.7286056970418513
-125.00245899999999,-25.003274000000005,-31.475448826654247,1.9350807901336267
-115.00245899999999,-25.003274000000005,-38.55445787663552,1.9928709802262117
-105.00245899999999,-25.003274000000005,-45.514179231040565,1.830929815836304
-95.00245899999999,-25.003274000000005,-51.99926420575022,1.3411669228676582
-85.00245899999999,-25.003274000000005,-57.974300836065574,0.7287452162850402
-75.00245899999999,-25.003274000000005,-63.200500324675325,0.08376457837946209
-65.00245899999999,-25.003274000000005,-65.76819839148074,-1.2797374057173088
-55.00245899999999,-25.003274000000005,-66.89443899888889,-1.555779650106093
-45.00245899999999,-25.003274000000005,-67.76509769757175,-0.9008584894252187
-35.00245899999999,-25.003274000000005,-68.47155829540482,-0.1645072356791096
-25.002458999999988,-25.003274000000005,-69.00088291231964,0.3071142789188428
-15.002458999999988,-25.003274000000005,-69.3378851839465,0.5825735049156484
-5.0024589999999876,-25.003274000000005,-69.51091951473923,0.7510077035950081
4.9975410000000124,-25.003274000000005,-69.52979347012402,0.8372110654834268
14.997541000000012,-25.003274000000005,-69.43242888815061,0.8724663669491638
24.997541000000012,-25.003274000000005,-69.16370868876405,0.796178832202663
34.99754100000001,-25.003274000000005,-68.71436567594655,0.5741009669515617
44.99754100000001,-25.003274000000005,-68.09567250057536,0.14907991694225897
54.99754100000001,-25.003274000000005,-67.299431189099,-0.5744966428770143
64.99754100000001,-25.003274000000005,-66.32061821583514,-0.9569125151407611
74.99754100000001,-25.003274000000005,-64.50149831642304,-0.06551618938051984
84.99754100000001,-25.003274000000005,-59.49167039700997,0.6002656830468629
94.99754100000001,-25.003274000000005,-52.30060540246046,0.5090289538591255
104.99754100000001,-25.003274000000005,-45.00551052083333,0.4499988532386105
114.99754100000001,-25.003274000000005,-37.84240844361603,0.5708903673777919
124.99754100000001,-25.003274000000005,-30.821369763110305,0.9247036676094599
134.997541,-25.003274000000005,-23.915196014375564,1.392725416788042
144.997541,-25.003274000000005,-16.942311604484303,1.4785322023440506
154.997541,-25.003274000000005,-10.092964005560704,0.5582707265628627
164.997541,-25.003274000000005,-3.4009726287313438,-2.026920283105857
-165.002459,-15.003274000000005,-3.4707718759328356,-3.506302413115416
-155.002459,-15.003274000000005,-10.490952329588016,-0.5167159713587949
-145.002459,-15.003274000000005,-17.509947563273073,1.190302016001628
-135.002459,-15.003274000000005,-24.494832703531596,2.0288398238909453
-125.00245899999999,-15.003274000000005,-31.50332904700461,2.4463664682589386
-115.00245899999999,-15.003274000000005,-38.511259154571164,2.600922390286506
-105.00245899999999,-15.003274000000005,-45.53603674629629,2.527153981338413
-95.00245899999999,-15.003274000000005,-52.48171080054397,2.1664657214463716
-85.00245899999999,-15.003274000000005,-59.061693887040285,1.4480234274203412
-75.00245899999999,-15.003274000000005,-64.13894863907849,0.21423207296540783
-65.00245899999999,-15.003274000000005,-66.18723172198276,-1.4074151988123906
-55.00245899999999,-15.003274000000005,-67.2538365,-1.2822389097828215
-45.00245899999999,-15.003274000000005,-68.10879952544248,-0.4790538108325042
-35.00245899999999,-15.003274000000005,-68.80102533804347,0.15562687872593287
-25.002458999999988,-15.003274000000005,-69.32293057126437,0.5491205706001059
-15.002458999999988,-15.003274000000005,-69.66983901454138,0.806977947707108
-5.0024589999999876,-15.003274000000005,-69.82949052508361,0.9641544377650533
4.9975410000000124,-15.003274000000005,-69.83704520310766,1.0475441654264732
14.997541000000012,-15.003274000000005,-69.71076745414365,1.0767379114456714
24.997541000000012,-15.003274000000005,-69.40318717832957,0.9997771815861204
34.99754100000001,-15.003274000000005,-68.92134838864142,0.7959325965558682
44.99754100000001,-15.003274000000005,-68.27096728048781,0.370834342296305
54.99754100000001,-15.003274000000005,-67.44303344201313,-0.3832368158517675
64.99754100000001,-15.003274000000005,-66.43334840884573,-0.8196699996465702
74.99754100000001,-15.003274000000005,-64.49801455660376,0.07975940194862889
84.99754100000001,-15.003274000000005,-59.212014733660126,0.6937454225959249
94.99754100000001,-15.003274000000005,-51.71886694839858,0.44755172156441553
104.99754100000001,-15.003274000000005,-44.412160538185084,0.2844621008017331
114.99754100000001,-15.003274000000005,-37.328405235831816,0.4029393005372902
124.99754100000001,-15.003274000000005,-30.290934691622102,0.7564687553002456
134.997541,-15.003274000000005,-23.207310962093864,1.1474580696818097
144.997541,-15.003274000000005,-16.222794965641953,1.24293200962129
154.997541,-15.003274000000005,-9.636366401843318,0.4007422312662582
164.997541,-15.003274000000005,-3.248334913533834,-2.0126450938344593
-165.002459,-5.003274000000005,-3.4855468675925927,-3.407936446577323
-155.002459,-5.003274000000005,-10.503310603130757,-0.4265083789985378
-145.002459,-5.003274000000005,-17.472997739829708,1.2804030265687367
-135.002459,-5.003274000000005,-24.488441784916198,2.246065087507324
-125.00245899999999,-5.003274000000005,-31.508595201492536,2.8002571153171147
-115.00245899999999,-5.003274000000005,-38.5186783635514,3.1042448691263913
-105.00245899999999,-5.003274000000005,-45.47705419348837,3.103398267949531
-95.00245899999999,-5.003274000000005,-52.503065122525925,2.7508667659244384
-85.00245899999999,-5.003274000000005,-59.55463344645941,1.964742025554118
-75.00245899999999,-5.003274000000005,-64.55765645891609,0.3460107297899324
-65.00245899999999,-5.003274000000005,-66.39901068284789,-1.3845425908288063
-55.00245899999999,-5.003274000000005,-67.43542530232558,-1.1067256223313673
-45.00245899999999,-5.003274000000005,-68.28442093333332,-0.3020827417138459
-35.00245899999999,-5.003274000000005,-68.96079204124861,0.23308083431305618
-25.002458999999988,-5.003274000000005,-69.4689235249433,0.5591053708032335
-15.002458999999988,-5.003274000000005,-69.80540894783573,0.7796783057516155
-5.0024589999999876,-5.003274000000005,-69.9680803877095,0.9217490670111125
4.9975410000000124,-5.003274000000005,-69.96318077025528,1.0008654586221475
14.997541000000012,-5.003274000000005,-69.79840165324386,1.011359010774074
24.997541000000012,-5.003274000000005,-69.45530543986638,0.9437813339932926
34.99754100000001,-5.003274000000005,-68.94526925171624,0.7547447399674262
44.99754100000001,-5.003274000000005,-68.26007801475596,0.3303144514308362
54.99754100000001,-5.003274000000005,-67.40824156291391,-0.421239332219344
64.99754100000001,-5.003274000000005,-66.34504551132686,-0.7298805918629543
74.99754100000001,-5.003274000000005,-64.0854204083904,0.294932847984418
84.99754100000001,-5.003274000000005,-58.44109923255814,0.8243040076095552
94.99754100000001,-5.003274000000005,-50.882444302366345,0.43643340974537403
104.99754100000001,-5.003274000000005,-43.584742796444445,0.23267926470359998
114.99754100000001,-5.003274000000005,-36.36089634,0.2606466982646451
124.99754100000001,-5.003274000000005,-29.238276949910556,0.5751127789062328
134.997541,-5.003274000000005,-22.154242965209637,0.9671230384678894
144.997541,-5.003274000000005,-15.214195816308242,0.9536473682384088
154.997541,-5.003274000000005,-9.117902895676691,0.25640160952771246
164.997541,-5.003274000000005,-3.076996413407821,-1.969734693176095
-165.002459,4.996725999999995,-3.4114430064754853,-3.39752246567444
-155.002459,4.996725999999995,-10.459432676082862,-0.39570283622027586
-145.002459,4.996725999999995,-17.50073950561798,1.3859752571833415
-135.002459,4.996725999999995,-24.536425079816514,2.4070472640053793
-125.00245899999999,4.996725999999995,-31.495906303821062,2.971000782348365
-115.00245899999999,4.996725999999995,-38.4994045894834,3.3350289249905543
-105.00245899999999,4.996725999999995,-45.53276478236398,3.4495331546108825
-95.00245899999999,4.996725999999995,-52.53001323696682,3.057872155865777
-85.00245899999999,4.996725999999995,-59.61164910923624,2.155436329492232
-75.00245899999999,4.996725999999995,-64.59656664222615,0.38514735108117454
-65.00245899999999,4.996725999999995,-66.44242147712419,-1.3200207398916075
-55.00245899999999,4.996725999999995,-67.46317770522803,-1.0561321127592045
-45.00245899999999,4.996725999999995,-68.29594463483146,-0.32265872077334334
-35.00245899999999,4.996725999999995,-68.95758731632654,0.12567685020134117
-25.002458999999988,4.996725999999995,-69.4528342719101,0.37844921406951726
-15.002458999999988,4.996725999999995,-69.77591753483145,0.5364956142407951
-5.0024589999999876,4.996725999999995,-69.92672256369787,0.6500564699056304
4.9975410000000124,4.996725999999995,-69.90097812931995,0.6952226826969994
14.997541000000012,4.996725999999995,-69.70640821606335,0.6992425531431291
24.997541000000012,4.996725999999995,-69.34264974943311,0.6444672990376485
34.99754100000001,4.996725999999995,-68.80676841498881,0.4708367253864323
44.99754100000001,4.996725999999995,-68.09656749331849,0.06064387591224561
54.99754100000001,4.996725999999995,-67.21130062971176,-0.6026306613983852
64.99754100000001,4.996725999999995,-66.06936638934427,-0.5555790279991405
74.99754100000001,4.996725999999995,-63.24480489417555,0.6031652568232805
84.99754100000001,4.996725999999995,-56.99080975536481,0.8002616919279076
94.99754100000001,4.996725999999995,-49.440561409965035,0.3214133801239855
104.99754100000001,4.996725999999995,-42.142473866314866,0.14025534152291796
114.99754100000001,4.996725999999995,-34.92231970789473,0.2230185134581112
124.99754100000001,4.996725999999995,-27.761372129710782,0.4984068705055102
134.997541,4.996725999999995,-20.52288279772329,0.6557593889912431
144.997541,4.996725999999995,-14.071849929266136,0.6851663155859072
154.997541,4.996725999999995,-8.514311746452224,0.09646699290021152
164.997541,4.996725999999995,-2.869530223851417,-1.9347387060248031
-165.002459,14.996725999999995,-3.460554748398902,-3.2558494770749014
-155.002459,14.996725999999995,-10.482133012416428,-0.23697199494856558
-145.002459,14.996725999999995,-17.521792174710423,1.5239491983373297
-135.002459,14.996725999999995,-24.47326192394366,2.427816957821657
-125.00245899999999,14.996725999999995,-31.511946469043153,3.031679710413729
-115.00245899999999,14.996725999999995,-38.497436837662335,3.302367341701598
-105.00245899999999,14.996725999999995,-45.50785625698324,3.331151487581743
-95.00245899999999,14.996725999999995,-52.52074366604651,2.9096397896546313
-85.00245899999999,14.996725999999995,-59.53945071958586,2.0681437137142535
-75.00245899999999,14.996725999999995,-64.51824030035027,0.4502282811367851
-65.00245899999999,14.996725999999995,-66.35089103325942,-1.2513269315103306
-55.00245899999999,14.996725999999995,-67.35363945200893,-1.0914141028689797
-45.00245899999999,14.996725999999995,-68.16770197714908,-0.45553305793282506
-35.00245899999999,14.996725999999995,-68.81169402892102,-0.062238295725727116
-25.002458999999988,14.996725999999995,-69.283929865991,0.13246394272309717
-15.002458999999988,14.996725999999995,-69.58821069152543,0.22006659931040146
-5.0024589999999876,14.996725999999995,-69.73293906830907,0.30078452778553927
4.9975410000000124,14.996725999999995,-69.68201840066965,0.3269637360698813
14.997541000000012,14.996725999999995,-69.4515840575374,0.30175350057665784
24.997541000000012,14.996725999999995,-69.06264845046083,0.24108825562885536
34.99754100000001,14.996725999999995,-68.50058277777778,0.06411024953327507
44.99754100000001,14.996725999999995,-67.77009819101123,-0.36384314382930205
54.99754100000001,14.996725999999995,-66.86622950285715,-0.7480209783434879
64.99754100000001,14.996725999999995,-65.49556072470374,-0.14341445647125783
74.99754100000001,14.996725999999995,-61.727821179693805,0.8911089523152447
84.99754100000001,14.996725999999995,-54.78367513385147,0.6611162969601067
94.99754100000001,14.996725999999995,-47.419349703442194,0.2697994095265389
104.99754100000001,14.996725999999995,-40.18392499028269,0.16353369005662216
114.99754100000001,14.996725999999995,-32.93838874224978,0.21602081498479755
124.99754100000001,14.996725999999995,-25.80321362879445,0.4244161670654506
134.997541,14.996725999999995,-18.70440748508099,0.38755556279164033
144.997541,14.996725999999995,-12.889626115779645,0.4373552614407453
154.997541,14.996725999999995,-7.891746440499039,-0.02609454132214328
164.997541,14.996725999999995,-2.708644787878788,-1.8381980858648463
-165.002459,24.996725999999995,-3.4691854471544716,-3.164973145612508
-155.002459,24.996725999999995,-10.509006049074074,-0.11740997653026305
-145.002459,24.996725999999995,-17.469828676635515,1.530845020131196
-135.002459,24.996725999999995,-24.476603356746764,2.4061100231901236
-125.00245899999999,24.996725999999995,-31.498818529139683,2.857835929861234
-115.00245899999999,24.996725999999995,-38.51436360982391,3.0102135832126904
-105.00245899999999,24.996725999999995,-45.52918700851466,2.9044414861181314
-95.00245899999999,24.996725999999995,-52.48000576544315,2.5213897601071014
-85.00245899999999,24.996725999999995,-58.92754169020301,1.7048397118369922
-75.00245899999999,24.996725999999995,-64.02512410128756,0.48704836403880747
-65.00245899999999,24.996725999999995,-66.08442148447205,-1.1471044923410534
-55.00245899999999,24.996725999999995,-67.07312043263964,-1.2300035400261482
-45.00245899999999,24.996725999999995,-67.86885288389924,-0.6786478087920899
-35.00245899999999,24.996725999999995,-68.49837939756367,-0.30025078288051316
-25.002458999999988,24.996725999999995,-68.95173847104678,-0.1310081352895432
-15.002458999999988,24.996725999999995,-69.25322621934758,-0.06376527747413067
-5.0024589999999876,24.996725999999995,-69.38065595038589,-0.03082572120964907
4.9975410000000124,24.996725999999995,-69.30916580920315,-0.013888070433727202
14.997541000000012,24.996725999999995,-69.04876732290504,-0.047658146432076366
24.997541000000012,24.996725999999995,-68.62473171803653,-0.14127770064282824
34.99754100000001,24.996725999999995,-68.04753412680756,-0.35607344948467207
44.99754100000001,24.996725999999995,-67.29765022757111,-0.7133778046647009
54.99754100000001,24.996725999999995,-66.3136800406504,-0.6346176721722427
64.99754100000001,24.996725999999995,-64.2966724252174,0.5227918262194132
74.99754100000001,24.996725999999995,-59.30876722665602,1.1252026408100775
84.99754100000001,24.996725999999995,-52.05261160225304,0.6406654340882001
94.99754100000001,24.996725999999995,-44.827545383015604,0.3407783321437875
104.99754100000001,24.996725999999995,-37.61046674999999,0.21923090897299516
114.99754100000001,24.996725999999995,-30.469523904973357,0.23892432202220576
124.99754100000001,24.996725999999995,-23.284477255430062,0.15893600142505285
134.997541,24.996725999999995,-16.755461043327557,0.06107913100231451
144.997541,24.996725999999995,-11.766443728927202,0.2641204223996281
154.997541,24.996725999999995,-7.290108798219585,-0.0937329306401612
164.997541,24.996725999999995,-2.525260049164208,-1.7541009909859144
-165.002459,34.996725999999995,-3.448242047229791,-3.101697129723584
-155.002459,34.996725999999995,-10.554571380018675,0.013029483941645754
-145.002459,34.996725999999995,-17.503928780758557,1.5959101776151632
-135.002459,34.996725999999995,-24.491607658192095,2.3435400005188463
-125.00245899999999,34.996725999999995,-31.494041169172935,2.622991479181658
-115.00245899999999,34.996725999999995,-38.49745227410208,2.623384056803999
-105.00245899999999,34.996725999999995,-45.51398260053144,2.5069716582379153
-95.00245899999999,34.996725999999995,-51.868781342526695,1.94598804156576
-85.00245899999999,34.996725999999995,-57.74969116313363,1.2555527190314324
-75.00245899999999,34.996725999999995,-62.94376491716998,0.5421489590537534
-65.00245899999999,34.996725999999995,-65.57591970820971,-0.8100831380432661
-55.00245899999999,34.996725999999995,-66.63143329300777,-1.3320764630285977
-45.00245899999999,34.996725999999995,-67.41607278142695,-0.9875292435768501
-35.00245899999999,34.996725999999995,-68.0262085504386,-0.5912469676762283
-25.002458999999988,34.996725999999995,-68.46978308508287,-0.4091926724178089
-15.002458999999988,34.996725999999995,-68.76107112374582,-0.31794496910427655
-5.0024589999999876,34.996725999999995,-68.87652931514477,-0.29199560172586964
4.9975410000000124,34.996725999999995,-68.76987783089064,-0.3155331706177073
14.997541000000012,34.996725999999995,-68.48499550332595,-0.35455239776822506
24.997541000000012,34.996725999999995,-68.03566141268075,-0.498378798799489
34.99754100000001,34.996725999999995,-67.4256946722973,-0.755477504682681
44.99754100000001,34.996725999999995,-66.63626770261439,-0.7706391879097453
54.99754100000001,34.996725999999995,-65.3363269561325,0.09462486772470205
64.99754100000001,34.996725999999995,-61.94008694457641,1.1210172542117605
74.99754100000001,34.996725999999995,-55.67596839621088,1.0397890926880535
84.99754100000001,34.996725999999995,-48.65709126279864,0.6572855433828816
94.99754100000001,34.996725999999995,-41.56255918025751,0.4076027387526124
104.99754100000001,34.996725999999995,-34.523148064377686,0.29124694263212836
114.99754100000001,34.996725999999995,-27.458282143853534,0.13650843678583935
124.99754100000001,34.996725999999995,-20.523349658432707,-0.20335316775602358
134.997541,34.996725999999995,-14.962083383586084,-0.17258836743203132
144.997541,34.996725999999995,-10.735627356287427,0.1937714389262722
154.997541,34.996725999999995,-6.727088984189723,-0.09404116172157233
164.997541,34.996725999999995,-2.3218424944500504,-1.6961374653688785
-165.002459,44.996725999999995,-3.419911699908509,-3.058516446169708
-155.002459,44.996725999999995,-10.569379775510205,0.1166456429829868
-145.002459,44.996725999999995,-17.500164547619047,1.6209967567707069
-135.002459,44.996725999999995,-24.509430589353613,2.2675759874051526
-125.00245899999999,44.996725999999995,-31.509515839517622,2.4273697601096016
-115.00245899999999,44.996725999999995,-38.53185205477032,2.4640850400423058
-105.00245899999999,44.996725999999995,-44.85067357511111,2.0249482221671387
-95.00245899999999,44.996725999999995,-50.6398109452182,1.379259105702788
-85.00245899999999,44.996725999999995,-56.008022736045405,0.7920718028154861
-75.00245899999999,44.996725999999995,-60.965360947663555,0.39434444309330324
-65.00245899999999,44.996725999999995,-64.55596220764554,-0.24875136968045622
-55.00245899999999,44.996725999999995,-66.01745659085962,-1.1665610106261193
-45.00245899999999,44.996725999999995,-66.78937420501636,-1.2696937396221013
-35.00245899999999,44.996725999999995,-67.39540277088037,-0.9707525282149471
-25.002458999999988,44.996725999999995,-67.83712125253665,-0.7212390099789777
-15.002458999999988,44.996725999999995,-68.11022021538462,-0.5925449103690329
-5.0024589999999876,44.996725999999995,-68.19614954606742,-0.5596535392340429
4.9975410000000124,44.996725999999995,-68.06494517073172,-0.6352545210631706
14.997541000000012,44.996725999999995,-67.75851770718232,-0.7329356781781029
24.997541000000012,44.996725999999995,-67.28867076034858,-0.8519134923566122
34.99754100000001,44.996725999999995,-66.64718530357143,-0.7873098577532955
44.99754100000001,44.996725999999995,-65.61993962234533,-0.055516070865632365
54.99754100000001,44.996725999999995,-63.05439722167488,0.9989104535287359
64.99754100000001,44.996725999999995,-58.0147756390008,1.340537306127914
74.99754100000001,44.996725999999995,-51.41290304100418,0.9908786940048865
84.99754100000001,44.996725999999995,-44.6511415776824,0.7207779953100164
94.99754100000001,44.996725999999995,-37.79683083148936,0.5099434165634924
104.99754100000001,44.996725999999995,-30.85164537005164,0.2123150840122429
114.99754100000001,44.996725999999995,-23.929135339285715,-0.26487805095300576
124.99754100000001,44.996725999999995,-17.970050918544196,-0.4935449103519002
134.997541,44.996725999999995,-13.371185140871177,-0.2799893995390645
144.997541,44.996725999999995,-9.849514184104628,0.25609454284776384
154.997541,44.996725999999995,-6.230366682459677,-0.04163975728747808
164.997541,44.996725999999995,-2.20700136053719,-1.5930389231489754
-165.002459,54.996725999999995,-3.440364333026679,-2.944366722621932
-155.002459,54.996725999999995,-10.49551844888476,0.16143586937311036
-145.002459,54.996725999999995,-17.496387610545792,1.643507809679475
-135.002459,54.996725999999995,-24.514035062797333,2.185706091461246
-125.00245899999999,54.996725999999995,-31.526406914837576,2.3746117657482726
-115.00245899999999,54.996725999999995,-37.84459723651079,2.0968611344348718
-105.00245899999999,54.996725999999995,-43.64189848809524,1.5988969537138344
-95.00245899999999,54.996725999999995,-48.93555500373134,0.9446245447269658
-85.00245899999999,54.996725999999995,-53.83327854448743,0.4150715834322694
-75.00245899999999,54.996725999999995,-58.32843604702495,0.11948843302166169
-65.00245899999999,54.996725999999995,-62.42954823609845,0.09015132865418156
-55.00245899999999,54.996725999999995,-64.94649606466302,-0.4604750573420775
-45.00245899999999,54.996725999999995,-66.00912995419847,-1.1183927207437203
-35.00245899999999,54.996725999999995,-66.62105046455835,-1.2016221109771466
-25.002458999999988,54.996725999999995,-67.04244019368879,-1.0562833137971133
-15.002458999999988,54.996725999999995,-67.30427017561522,-0.8958822811345252
-5.0024589999999876,54.996725999999995,-67.37163663296703,-0.8667860877502803
4.9975410000000124,54.996725999999995,-67.20006661024499,-0.9472659156765597
14.997541000000012,54.996725999999995,-66.85941512707183,-0.9392663468953842
24.997541000000012,54.996725999999995,-66.33109114675052,-0.6743424453083449
34.99754100000001,54.996725999999995,-65.33940373792487,0.10375005088354021
44.99754100000001,54.996725999999995,-63.06772549557522,1.0711462689196125
54.99754100000001,54.996725999999995,-58.79313268537549,1.4958600048869974
64.99754100000001,54.996725999999995,-52.82749946452702,1.20535105597367
74.99754100000001,54.996725999999995,-46.53374855345395,0.9342099953372194
84.99754100000001,54.996725999999995,-40.115352813775516,0.75405880829831
94.99754100000001,54.996725999999995,-33.53154356804734,0.4901942781207786
104.99754100000001,54.996725999999995,-26.743098463743674,-0.11192836701722333
114.99754100000001,54.996725999999995,-20.58298419744681,-0.6431566610533865
124.99754100000001,54.996725999999995,-15.700300626494938,-0.696376182269072
134.997541,54.996725999999995,-12.087863762463343,-0.1686469112299713
144.997541,54.996725999999995,-9.035967855975484,0.38973246009213586
154.997541,54.996725999999995,-5.739523957055216,-0.007559037446459376
164.997541,54.996725999999995,-2.0192056438213912,-1.6089153659506192
-165.002459,64.996726,-3.4236288298068076,-2.849716008210521
-155.002459,64.996726,-10.462274927342255,0.24454652390834747
-145.002459,64.996726,-17.494338940520446,1.6546748602328405
-135.002459,64.996726,-24.502774789797712,2.193080393069602
-125.00245899999999,64.996726,-30.90375571516214,2.111417624341238
-115.00245899999999,64.996726,-36.62525366324627,1.6830448379729592
-105.00245899999999,64.996726,-41.91004082857143,1.1561277459370622
-95.00245899999999,64.996726,-46.78243126490066,0.576821928394176
-85.00245899999999,64.996726,-51.25265764169068,0.09283183243006214
-75.00245899999999,64.996726,-55.352969300194935,-0.1644597674213019
-65.00245899999999,64.996726,-59.10270618067633,-0.1297944325644118
-55.00245899999999,64.996726,-62.420303086031446,0.044607983650548286
-45.00245899999999,64.996726,-64.56275887488987,-0.212673450242859
-35.00245899999999,64.996726,-65.56400868608094,-0.7067003895406152
-25.002458999999988,64.996726,-66.06300703703704,-0.9136189921574511
-15.002458999999988,64.996726,-66.31305353452116,-0.8973032668902241
-5.0024589999999876,64.996726,-66.3516660798722,-0.7889915765972066
4.9975410000000124,64.996726,-66.10310773406376,-0.5646129457483948
14.997541000000012,64.996726,-65.54718247959184,-0.07637036246621946
24.997541000000012,64.996726,-64.35784920289856,0.6667567395143388
34.99754100000001,64.996726,-61.98910747691083,1.3064902609535936
44.99754100000001,64.996726,-58.08861818218624,1.5714293273658897
54.99754100000001,64.996726,-52.87683184583333,1.352966543082443
64.99754100000001,64.996726,-47.28642334529915,1.1772939093812853
74.99754100000001,64.996726,-41.292922094420604,0.9511279832213216
84.99754100000001,64.996726,-35.148847998303644,0.70524239849917
94.99754100000001,64.996726,-28.741392581726743,0.1318536655812555
104.99754100000001,64.996726,-22.69213051548117,-0.5533057992824459
114.99754100000001,64.996726,-17.65658948115688,-0.9167471524894416
124.99754100000001,64.996726,-13.846324971559634,-0.6673040550778833
134.997541,64.996726,-11.025088357518403,0.11926383591322866
144.997541,64.996726,-8.347449645093945,0.596735339918806
154.997541,64.996726,-5.329708748186529,0.05604382469764163
164.997541,64.996726,-1.8536520544707091,-1.6261343275937412
-165.002459,74.996726,-3.4727338621323525,-2.6705618799530146
-155.002459,74.996726,-10.513895646551726,0.4348092135775282
-145.002459,74.996726,-17.511427207111108,1.7649851490395403
-135.002459,74.996726,-23.891322143109544,1.9530760208464788
-125.00245899999999,74.996726,-29.700764676172952,1.7185788599118117
-115.00245899999999,74.996726,-34.884800904716066,1.1829924394303255
-105.00245899999999,74.996726,-39.71419313076923,0.6854750410091686
-95.00245899999999,74.996726,-44.1951303171678,0.2068547398739663
-85.00245899999999,74.996726,-48.34529737379576,-0.14734611916464718
-75.00245899999999,74.996726,-52.0973340401567,-0.3328205235771616
-65.00245899999999,74.996726,-55.416816639883834,-0.3379776956106224
-55.00245899999999,74.996726,-58.379066361538456,-0.1260581938878106
-45.00245899999999,74.996726,-61.05814346348314,0.2674503139159202
-35.00245899999999,74.996726,-62.99057268133802,0.4195334730691446
-25.002458999999988,74.996726,-64.06685781111112,0.40793133650109764
-15.002458999999988,74.996726,-64.45061289236111,0.40454475189970535
-5.0024589999999876,74.996726,-64.19057853878944,0.5791848911801798
4.9975410000000124,74.996726,-63.34172044564316,0.9643659315089179
14.997541000000012,74.996726,-61.841638476418865,1.3153253534505174
24.997541000000012,74.996726,-59.47276833945686,1.5714948006675171
34.99754100000001,74.996726,-55.81796034307824,1.4450830434390887
44.99754100000001,74.996726,-51.43990785089974,1.28140903950804
54.99754100000001,74.996726,-46.62454617376775,1.1845432808496754
64.99754100000001,74.996726,-41.3267954366554,1.056064449496151
74.99754100000001,74.996726,-35.69876697038917,0.8251952316272043
84.99754100000001,74.996726,-29.77252717681895,0.30590241968159554
94.99754100000001,74.996726,-23.986762647108844,-0.4577149510682047
104.99754100000001,74.996726,-19.08992766244344,-0.9691778923682844
114.99754100000001,74.996726,-15.285042179924243,-0.936851767798636
124.99754100000001,74.996726,-12.405976670318726,-0.37774838855925635
134.997541,74.996726,-10.147219549732622,0.4892336155612265
144.997541,74.996726,-7.707048216842105,0.7787408938488783
154.997541,74.996726,-4.898813735015773,0.017653972534142987
164.997541,74.996726,-1.7343996939203352,-1.6620444141686306
-165.002459,84.996726,-3.411525273567468,-2.5615897313024387
-155.002459,84.996726,-10.516104201777777,0.6774786424404416
-145.002459,84.996726,-16.96378135387324,1.63675101540219
-135.002459,84.996726,-22.772998149812736,1.6101243766497773
-125.00245899999999,84.996726,-27.944810546226414,1.1643580469906438
-115.00245899999999,84.996726,-32.69498933974976,0.6392991283304851
-105.00245899999999,84.996726,-37.1810515635148,0.26637550549701966
-95.00245899999999,84.996726,-41.2920046,-0.07739052218932747
-85.00245899999999,84.996726,-45.03677586509434,-0.3552490191870851
-75.00245899999999,84.996726,-48.40480582302569,-0.45524577829690854
-65.00245899999999,84.996726,-51.410242597898765,-0.35010471160688283
-55.00245899999999,84.996726,-53.99280677841452,-0.10512909175606311
-45.00245899999999,84.996726,-56.157634001885015,0.24513287284367635
-35.00245899999999,84.996726,-57.85764820331187,0.6098352899329776
-25.002458999999988,84.996726,-58.997414500000005,0.9750535658306704
-15.002458999999988,84.996726,-59.29506104600484,1.2201414876887426
-5.0024589999999876,84.996726,-58.600624442636295,1.3529689744461764
4.9975410000000124,84.996726,-57.098475578595306,1.4050827010339004
14.997541000000012,84.996726,-54.973983872395834,1.3602093284045285
24.997541000000012,84.996726,-52.16190651538461,1.201761679831573
34.99754100000001,84.996726,-48.749852744644386,1.1131685291621045
44.99754100000001,84.996726,-44.7275544423408,1.0876312335907579
54.99754100000001,84.996726,-40.17227117657046,1.0234020479863006
64.99754100000001,84.996726,-35.18223360526316,0.8281746500560015
74.99754100000001,84.996726,-29.75975714225589,0.28894022838264294
84.99754100000001,84.996726,-24.466661125833333,-0.38977000142452745
94.99754100000001,84.996726,-19.879561915846015,-0.9404059962952188
104.99754100000001,84.996726,-16.201114483747606,-1.091262030518787
114.99754100000001,84.996726,-13.403986006796119,-0.7150951654827107
124.99754100000001,84.996726,-11.383556505783387,0.19676688209842047
134.997541,84.996726,-9.404636191048036,0.8875216455218944
144.997541,84.996726,-7.146502891373801,0.9348009899020193
154.997541,84.996726,-4.528236734888654,-0.06514009271484968
164.997541,84.996726,-1.6049533659305995,-1.7891123005398168
-165.002459,94.996726,-3.4423814879786288,-2.2620178206039934
-155.002459,94.996726,-9.968593834219858,0.7022822804154712
-145.002459,94.996726,-15.819988847963801,1.4066871710584041
-135.002459,94.996726,-21.011575518867925,1.0971995681489177
-125.00245899999999,94.996726,-25.769318521988527,0.6160667735555632
-115.00245899999999,94.996726,-30.218811737704918,0.23109348161778756
-105.00245899999999,94.996726,-34.27483810939013,-0.09407752962559279
-95.00245899999999,94.996726,-38.01188216375969,-0.30822604035061446
-85.00245899999999,94.996726,-41.395949061657035,-0.4118439960807371
-75.00245899999999,94.996726,-44.396804396190475,-0.3770236794033557
-65.00245899999999,94.996726,-46.98257387211538,-0.19240075865631576
-55.00245899999999,94.996726,-49.14255220439351,0.09210269990615048
-45.00245899999999,94.996726,-50.88518793642143,0.4833039850418881
-35.00245899999999,94.996726,-51.96230746289753,0.769311159753099
-25.002458999999988,94.996726,-52.39565907166667,1.009746713346893
-15.002458999999988,94.996726,-51.88632825760287,0.9331826684638698
-5.0024589999999876,94.996726,-50.96271975901495,0.9648976896590259
4.9975410000000124,94.996726,-49.59201653017241,1.0226103754056766
14.997541000000012,94.996726,-47.573835708333334,0.9595354728279221
24.997541000000012,94.996726,-44.897741149026245,0.8659422764373783
34.99754100000001,94.996726,-41.62045883026756,0.8157697825379578
44.99754100000001,94.996726,-37.832651258119654,0.7725348803236937
54.99754100000001,94.996726,-33.55055061306533,0.6197011640371192
64.99754100000001,94.996726,-28.797490230240548,0.16183840596675889
74.99754100000001,94.996726,-23.984084912438625,-0.5395765961545699
84.99754100000001,94.996726,-19.85996175573192,-1.028574566873593
94.99754100000001,94.996726,-16.52174327634011,-1.1832341334582557
104.99754100000001,94.996726,-13.943931814065511,-0.8848594725735109
114.99754100000001,94.996726,-12.108068298006295,-0.06946241830243724
124.99754100000001,94.996726,-10.529983263100437,0.7889855983310746
134.997541,94.996726,-8.728960177228787,1.22725847054758
144.997541,94.996726,-6.631540422198041,0.9981205169371691
154.997541,94.996726,-4.2359836493092455,-0.2076254588303556
164.997541,94.996726,-1.5017195714285716,-1.9811371260130297
-165.002459,104.996726,-3.003671352730528,-2.2774686327904647
-155.002459,104.996726,-8.843006877697842,0.5648177795785421
-145.002459,104.996726,-14.147993950943397,1.2188540895030353
-135.002459,104.996726,-18.877796903567983,0.7773007722440127
-125.00245899999999,104.996726,-23.275106981589143,0.28044103333729
-115.00245899999999,104.996726,-27.295795747826087,-0.08820393003421563
-105.00245899999999,104.996726,-31.020093619649803,-0.31976326520854875
-95.00245899999999,104.996726,-34.40781445445736,-0.38775860931133244
-85.00245899999999,104.996726,-37.343279834782614,-0.37323326571539767
-75.00245899999999,104.996726,-39.97197039774859,-0.16561624703242264
-65.00245899999999,104.996726,-42.15567020969245,0.12457617021896049
-55.00245899999999,104.996726,-43.86738728506788,0.4751947392696503
-45.00245899999999,104.996726,-44.96084288849868,0.7319256143293168
-35.00245899999999,104.996726,-45.43824271766695,0.9122558700913672
-25.002458999999988,104.996726,-45.0937697295082,0.7914985273672764
-15.002458999999988,104.996726,-44.458767299818845,0.6869438481476229
-5.0024589999999876,104.996726,-43.64362670468611,0.7318310244229471
4.9975410000000124,104.996726,-42.250548933217694,0.7004165226761577
14.997541000000012,104.996726,-40.26950008885017,0.6527484440837076
24.997541000000012,104.996726,-37.68804708017242,0.5934807709597292
34.99754100000001,104.996726,-34.57915699056604,0.5065209560695523
44.99754100000001,104.996726,-30.98889705421687,0.3429882787087001
54.99754100000001,104.996726,-26.72749863149079,-0.24753519311908748
64.99754100000001,104.996726,-22.68841118212766,-0.7834550164645413
74.99754100000001,104.996726,-19.104205706570657,-1.1892640889542494
84.99754100000001,104.996726,-16.19029060056391,-1.2979569649669012
94.99754100000001,104.996726,-13.928617604926108,-1.0143014966345607
104.99754100000001,104.996726,-12.303940868530022,-0.28847272881184954
114.99754100000001,104.996726,-11.034480892039257,0.6008064511107348
124.99754100000001,104.996726,-9.661043284302963,1.2510875390689167
134.997541,104.996726,-8.077199282608696,1.471540753647086
144.997541,104.996726,-6.166607591154261,0.9306408452939546
154.997541,104.996726,-3.928934574650913,-0.5076618144793921
164.997541,104.996726,-1.4005687168803418,-2.2625147666500594
-165.002459,114.996726,-2.310182610375276,-2.447864027299834
-155.002459,114.996726,-7.164246432306257,0.13396510473536763
-145.002459,114.996726,-12.002241287749289,1.140239697469432
-135.002459,114.996726,-16.378177423828127,0.7697329720742893
-125.00245899999999,114.996726,-20.38044437073171,0.19940912874575936
-115.00245899999999,114.996726,-24.026506690408358,-0.18866180886156222
-105.00245899999999,114.996726,-27.379467401373898,-0.3210759893234055
-95.00245899999999,114.996726,-30.36730426959847,-0.29516403630193006
-85.00245899999999,114.996726,-32.98907578062678,-0.08982234977040135
-75.00245899999999,114.996726,-35.17031713295881,0.20941509020048982
-65.00245899999999,114.996726,-36.874830697440586,0.556460881969334
-55.00245899999999,114.996726,-37.97662945278024,0.8155866074310281
-45.00245899999999,114.996726,-38.46191259256055,0.9493084025849835
-35.00245899999999,114.996726,-38.18418924770642,0.7563405193196231
-25.002458999999988,114.996726,-37.81345878244972,0.6555498261526445
-15.002458999999988,114.996726,-37.302848899365365,0.6011595688133091
-5.0024589999999876,114.996726,-36.45337448211092,0.5792677985847141
4.9975410000000124,114.996726,-34.95610120711111,0.433854578185369
14.997541000000012,114.996726,-32.99171738488271,0.34113798225523206
24.997541000000012,114.996726,-30.482484054468088,0.19295080008444124
34.99754100000001,114.996726,-27.4372652674216,-0.0949282197611186
44.99754100000001,114.996726,-24.01197980167364,-0.5701125803260231
54.99754100000001,114.996726,-20.624113072033897,-1.0624140079096087
64.99754100000001,114.996726,-17.649297018666665,-1.3963275480457396
74.99754100000001,114.996726,-15.201776499531396,-1.4435407421532802
84.99754100000001,114.996726,-13.34414578690127,-1.1064667112229498
94.99754100000001,114.996726,-12.042088500522466,-0.3845421149463094
104.99754100000001,114.996726,-11.002723537527594,0.4502562909221691
114.99754100000001,114.996726,-9.919167502207507,1.1124526011135782
124.99754100000001,114.996726,-8.713381807280514,1.505020494782048
134.997541,114.996726,-7.318180931769722,1.4523588230246958
144.997541,114.996726,-5.670883497393118,0.6402125881962478
154.997541,114.996726,-3.6562078472958643,-0.8788280250492424
164.997541,114.996726,-1.3022843669222344,-2.6237330187831867
-165.002459,124.996726,-1.3678992733446522,-2.915755870617934
-155.002459,124.996726,-5.002004072761195,-0.8242331122206602
-145.002459,124.996726,-9.407783173333334,0.9385691223123018
-135.002459,124.996726,-13.443940206997084,0.9984940187399869
-125.00245899999999,124.996726,-17.096564131034484,0.4609479257805319
-115.00245899999999,124.996726,-20.435418078034683,0.08025224664068605
-105.00245899999999,124.996726,-23.386316826704547,-0.029277173094362983
-95.00245899999999,124.996726,-25.97375828985507,0.0903927258432227
-85.00245899999999,124.996726,-28.129223521655437,0.3360002917721218
-75.00245899999999,124.996726,-29.859509277272725,0.6848400209610432
-65.00245899999999,124.996726,-31.01805956287944,0.9831867051607396
-55.00245899999999,124.996726,-31.459902055315467,1.062760420125865
-45.00245899999999,124.996726,-31.312058562037034,0.9144537090651746
-35.00245899999999,124.996726,-31.094590916134916,0.7988900131486013
-25.002458999999988,124.996726,-30.769397024456524,0.6669595522159381
-15.002458999999988,124.996726,-30.291540378256958,0.6038302217789044
-5.0024589999999876,124.996726,-29.281516074573226,0.43470928411429444
4.9975410000000124,124.996726,-27.787668652863434,0.24618542594509768
14.997541000000012,124.996726,-25.815476258064514,-0.00036032124248086246
24.997541000000012,124.996726,-23.311597460122698,-0.4075221910853365
34.99754100000001,124.996726,-20.49519489841799,-0.9499144604260213
44.99754100000001,124.996726,-17.92775744530577,-1.3033362477847201
54.99754100000001,124.996726,-15.6350278507326,-1.5104374468053434
64.99754100000001,124.996726,-13.768449565714285,-1.437462770814536
74.99754100000001,124.996726,-12.32155090029615,-1.0510987257788689
84.99754100000001,124.996726,-11.273023255838641,-0.3908940907209771
94.99754100000001,124.996726,-10.417010782417583,0.31555809125817186
104.99754100000001,124.996726,-9.596530948801744,0.946382744772098
114.99754100000001,124.996726,-8.682279465193371,1.3674619463397901
124.99754100000001,124.996726,-7.6257108535519125,1.436581921870925
134.997541,124.996726,-6.40390669047619,0.9929935708928542
144.997541,124.996726,-4.978967586206897,-0.022415834761256918
154.997541,124.996726,-3.2816873506224065,-1.3888668932677526
164.997541,124.996726,-1.213946895768834,-2.9886919120921447
-165.002459,134.996726,-0.4562480165289256,-3.518874451776836
-155.002459,134.996726,-2.4992118949999997,-2.342445748450413
-145.002459,134.996726,-6.467247051330799,0.07111158774467698
-135.002459,134.996726,-10.098288814492753,1.0514153945179945
-125.00245899999999,134.996726,-13.457131314638783,0.9818093574957075
-115.00245899999999,134.996726,-16.395582032411824,0.643459282940988
-105.00245899999999,134.996726,-18.987513946131244,0.5438205934059055
-95.00245899999999,134.996726,-21.161434488929892,0.6583031122528674
-85.00245899999999,134.996726,-22.815877478703705,0.8659234497426503
-75.00245899999999,134.996726,-23.980859022261797,1.1093975213023883
-65.00245899999999,134.996726,-24.47808527480246,1.18687143001272
-55.00245899999999,134.996726,-24.43996434898711,1.0830537099922042
-45.00245899999999,134.996726,-24.30993833833177,0.9678101651944963
-35.00245899999999,134.996726,-24.14606436329588,0.8274916545032622
-25.002458999999988,134.996726,-23.883090822594877,0.7089044559377382
-15.002458999999988,134.996726,-23.23653194383057,0.4918280295171647
-5.0024589999999876,134.996726,-22.1383496285461,0.21196311515023974
4.9975410000000124,134.996726,-20.552802358724534,-0.19851276749960634
14.997541000000012,134.996726,-18.672948778938206,-0.6384728782830336
24.997541000000012,134.996726,-16.749246911035073,-1.0188368909404417
34.99754100000001,134.996726,-14.888654513876457,-1.316873401494571
44.99754100000001,134.996726,-13.30213307728558,-1.391802741582244
54.99754100000001,134.996726,-11.97107198939248,-1.2366698173096649
64.99754100000001,134.996726,-10.9177175,-0.8484407954113148
74.99754100000001,134.996726,-10.017518750533048,-0.3620835317707168
84.99754100000001,134.996726,-9.264708079059828,0.17205322624424535
94.99754100000001,134.996726,-8.597259446581196,0.6527073528702376
104.99754100000001,134.996726,-7.967637559523809,1.0206389767103223
114.99754100000001,134.996726,-7.257365969409282,1.1291483335665506
124.99754100000001,134.996726,-6.3706856168623265,0.8250425146253582
134.997541,134.996726,-5.3429037535753565,0.0953798560159461
144.997541,134.996726,-4.094153731182796,-0.9612104868515584
154.997541,134.996726,-2.642018030398323,-2.12567258536909
164.997541,134.996726,-0.9281357489316239,-3.546702817167927
-165.002459,144.996726,nan,nan
-155.002459,144.996726,-0.9325307205128204,-3.211010354614639
-145.002459,144.996726,-3.1158954304889743,-1.854757816832275
-135.002459,144.996726,-6.482255475073314,0.18265183754986786
-125.00245899999999,144.996726,-9.38991961904762,1.0211843401556695
-115.00245899999999,144.996726,-11.994563680568719,1.1417631987876378
-105.00245899999999,144.996726,-14.15551500932836,1.1197990081941194
-95.00245899999999,144.996726,-15.867897594812165,1.173977295244061
-85.00245899999999,144.996726,-16.96194830992098,1.1916990598015684
-75.00245899999999,144.996726,-17.52401485383244,1.1881912098243848
-65.00245899999999,144.996726,-17.499536060296847,0.954153978490965
-55.00245899999999,144.996726,-17.469439308118083,0.8254117966911962
-45.00245899999999,144.996726,-17.419494190564293,0.6980113763621225
-35.00245899999999,144.996726,-17.334839229508194,0.5969803684854367
-25.002458999999988,144.996726,-16.95292778506375,0.35248691307209895
-15.002458999999988,144.996726,-16.255516541516247,0.05720591142382801
-5.0024589999999876,144.996726,-15.184209147826085,-0.3735441578943239
4.9975410000000124,144.996726,-14.034175889867843,-0.7194389674699904
14.997541000000012,144.996726,-12.80994635930339,-1.0250171684903604
24.997541000000012,144.996726,-11.678100142300195,-1.1729716762798041
34.99754100000001,144.996726,-10.622522337944664,-1.2054421433998324
44.99754100000001,144.996726,-9.721464525720165,-1.0692950619809507
54.99754100000001,144.996726,-8.906693103081828,-0.8071467225206143
64.99754100000001,144.996726,-8.209185951629863,-0.4712149432120183
74.99754100000001,144.996726,-7.564676837953091,-0.13660382116987424
84.99754100000001,144.996726,-6.994453731629393,0.1608948053837976
94.99754100000001,144.996726,-6.5054340809935205,0.3526177672065776
104.99754100000001,144.996726,-6.052373842502697,0.3694557016759866
114.99754100000001,144.996726,-5.580266340106952,0.18433919729271908
124.99754100000001,144.996726,-4.920322332974138,-0.3226085174773969
134.997541,144.996726,-4.05891773196986,-1.091959883632742
144.997541,144.996726,-3.024686427331887,-1.9789089941323066
154.997541,144.996726,-1.7842903195652173,-3.0539114483374616
164.997541,144.996726,-0.5553614597014925,-4.206228011656302
-165.002459,154.996726,nan,nan
-155.002459,154.996726,nan,nan
-145.002459,154.996726,-0.9213071142857141,-3.154368204699105
-135.002459,154.996726,-2.53061324975025,-2.133975097309075
-125.00245899999999,154.996726,-4.986920320647003,-0.6037877732938902
-115.00245899999999,154.996726,-7.142632108309991,0.3309733600570216
-105.00245899999999,154.996726,-8.871463505154638,0.7398638731149394
-95.00245899999999,154.996726,-9.982691261840928,0.7438836226847921
-85.00245899999999,154.996726,-10.478381145338208,0.5019524954916988
-75.00245899999999,154.996726,-10.449782463414634,0.05124084932666537
-65.00245899999999,154.996726,-10.49701552251407,-0.18778523126470173
-55.00245899999999,154.996726,-10.492697563770795,-0.3928908560393071
-45.00245899999999,154.996726,-10.53721077458256,-0.4801792560538587
-35.00245899999999,154.996726,-10.43317494095941,-0.6175584016842444
-25.002458999999988,154.996726,-10.082590755494506,-0.8872552335482845
-15.002458999999988,154.996726,-9.61079949321267,-1.1356848188345405
-5.0024589999999876,154.996726,-8.998894914772727,-1.4045212994514635
4.9975410000000124,154.996726,-8.404279358166189,-1.5472826904052353
14.997541000000012,154.996726,-7.772802417721519,-1.630081104779223
24.997541000000012,154.996726,-7.194372067527309,-1.5896086542992882
34.99754100000001,154.996726,-6.5974491222664025,-1.5243606983330542
44.99754100000001,154.996726,-6.096667187689204,-1.339942658673757
54.99754100000001,154.996726,-5.6347595913757695,-1.100220687604288
64.99754100000001,154.996726,-5.1870188247639035,-0.9044961561679394
74.99754100000001,154.996726,-4.781332731914893,-0.7508745545206392
84.99754100000001,154.996726,-4.419008064881566,-0.7033262308717287
94.99754100000001,154.996726,-4.123044984732824,-0.7438541382056686
104.99754100000001,154.996726,-3.816525444924406,-0.9753948513199594
114.99754100000001,154.996726,-3.5628616932185144,-1.2464242331799373
124.99754100000001,154.996726,-3.204906772678762,-1.655250505213463
134.997541,154.996726,-2.624331481203008,-2.2587633000545932
144.997541,154.996726,-1.7770005966209081,-3.115906853985292
154.997541,154.996726,-0.7880108592677346,-4.1734828653368075
164.997541,154.996726,-0.18719666470588237,-4.8853504743131575
-165.002459,164.996726,nan,nan
-155.002459,164.996726,nan,nan
-145.002459,164.996726,nan,nan
-135.002459,164.996726,-0.449867,-3.353217081603942
-125.00245899999999,164.996726,-1.3140069577702702,-2.767143354294248
-115.00245899999999,164.996726,-2.2811641752360963,-2.220671237699954
-105.00245899999999,164.996726,-3.0013743577092513,-2.0452458239465594
-95.00245899999999,164.996726,-3.5309654053811657,-2.0085489099881606
-85.00245899999999,164.996726,-3.526287153628652,-2.371530219345312
-75.00245899999999,164.996726,-3.498614371296296,-2.6885065351727704
-65.00245899999999,164.996726,-3.527613009345794,-2.856076395223034
-55.00245899999999,164.996726,-3.531209079887218,-2.983535077495255
-45.00245899999999,164.996726,-3.476401358070501,-3.115107079033777
-35.00245899999999,164.996726,-3.4888742647601476,-3.121258659578029
-25.002458999999988,164.996726,-3.382318796992481,-3.1642737061140633
-15.002458999999988,164.996726,-3.197157737873135,-3.2161595819235314
-5.0024589999999876,164.996726,-3.028216722063037,-3.1694340817818296
4.9975410000000124,164.996726,-2.847921618395303,-3.0972828118980926
14.997541000000012,164.996726,-2.6737732740667974,-2.9664844791062777
24.997541000000012,164.996726,-2.4593146891891893,-2.836631946557424
34.99754100000001,164.996726,-2.2632419898373985,-2.6883590467538006
44.99754100000001,164.996726,-2.121828477948718,-2.468117819520856
54.99754100000001,164.996726,-1.9577344963579604,-2.3018410739102446
64.99754100000001,164.996726,-1.8171704883248734,-2.1772287716614196
74.99754100000001,164.996726,-1.6758269706190976,-2.1504032684814423
84.99754100000001,164.996726,-1.5555512006302519,-2.206161954014034
94.99754100000001,164.996726,-1.4502166268656715,-2.369700853327025
104.99754100000001,164.996726,-1.3621616491596638,-2.600425118706365
114.99754100000001,164.996726,-1.244830926124197,-2.9376673896929995
124.99754100000001,164.996726,-1.1626198880675818,-3.2489211126522344
134.997541,164.996726,-0.903700659375,-3.7315539703900273
144.997541,164.996726,-0.5497511205357144,-4.33305579566169
154.997541,164.996726,-0.1928030117647059,-4.936914797878519
164.997541,164.996726,nan,nan
